  -0.036   0.094  -0.140  -0.089  -0.012   0.089   0.103  -0.117  -0.179   0.108   0.118  -0.163  -0.201   0.012   0.197   0.109  -0.075  -0.140   0.267   0.138  -0.065  -0.054  -0.013   0.147   0.343   0.334   0.203   0.027   0.085   0.202   0.000
  -0.005   0.156  -0.120  -0.035   0.084   0.181   0.174  -0.110  -0.151   0.194   0.164  -0.154  -0.133   0.126   0.311   0.165  -0.082  -0.102   0.326   0.116  -0.087  -0.066   0.033   0.245   0.404   0.322   0.159   0.016   0.086   0.204   0.000
   0.043   0.233  -0.080   0.046   0.207   0.288   0.258  -0.098  -0.093   0.294   0.209  -0.134  -0.024   0.271   0.436   0.228  -0.094  -0.043   0.378   0.082  -0.120  -0.084   0.093   0.349   0.450   0.282   0.095  -0.002   0.078   0.188   0.000
   0.105   0.317  -0.022   0.148   0.349   0.405   0.350  -0.082  -0.011   0.401   0.251  -0.104   0.119   0.437   0.564   0.298  -0.114   0.032   0.421   0.043  -0.161  -0.109   0.161   0.451   0.477   0.220   0.020  -0.024   0.063   0.156   0.000
   0.172   0.401   0.048   0.262   0.494   0.522   0.444  -0.067   0.087   0.507   0.291  -0.068   0.281   0.607   0.682   0.372  -0.138   0.115   0.453   0.009  -0.208  -0.140   0.231   0.541   0.485   0.144  -0.056  -0.049   0.043   0.112   0.000
   0.235   0.473   0.122   0.372   0.623   0.627   0.534  -0.054   0.187   0.599   0.327  -0.030   0.444   0.760   0.776   0.448  -0.163   0.196   0.473  -0.009  -0.255  -0.173   0.295   0.608   0.472   0.067  -0.118  -0.072   0.023   0.063   0.000
   0.284   0.520   0.188   0.458   0.713   0.703   0.609  -0.046   0.274   0.661   0.360   0.007   0.583   0.868   0.829   0.523  -0.181   0.263   0.478   0.001  -0.292  -0.205   0.341   0.640   0.436   0.002  -0.152  -0.091   0.005   0.018   0.000
   0.305   0.530   0.235   0.501   0.739   0.734   0.660  -0.042   0.328   0.676   0.391   0.039   0.670   0.903   0.823   0.592  -0.182   0.303   0.465   0.048  -0.309  -0.227   0.359   0.627   0.378  -0.038  -0.144  -0.101  -0.005  -0.017   0.000
   0.288   0.493   0.252   0.478   0.675   0.702   0.677  -0.039   0.334   0.629   0.422   0.068   0.678   0.838   0.739   0.652  -0.154   0.305   0.432   0.142  -0.293  -0.234   0.339   0.557   0.297  -0.040  -0.081  -0.099  -0.004  -0.034   0.000
   0.222   0.399   0.229   0.372   0.500   0.591   0.650  -0.035   0.275   0.505   0.454   0.092   0.584   0.647   0.565   0.697  -0.085   0.262   0.375   0.287  -0.233  -0.215   0.275   0.424   0.194   0.004   0.042  -0.081   0.013  -0.027   0.000
   0.103   0.246   0.161   0.167   0.200   0.390   0.575  -0.023   0.141   0.295   0.488   0.114   0.371   0.317   0.292   0.724   0.035   0.167   0.293   0.483  -0.120  -0.165   0.162   0.227   0.069   0.097   0.230  -0.045   0.046   0.008   0.000
  -0.073   0.034   0.044  -0.142  -0.230   0.092   0.449  -0.001  -0.073  -0.003   0.528   0.136   0.030  -0.159  -0.082   0.730   0.213   0.021   0.185   0.726   0.051  -0.079   0.000  -0.031  -0.074   0.238   0.476   0.010   0.096   0.070   0.000
  -0.299  -0.230  -0.121  -0.555  -0.784  -0.300   0.274   0.037  -0.365  -0.385   0.572   0.159  -0.435  -0.772  -0.550   0.712   0.451  -0.173   0.050   1.005   0.279   0.045  -0.205  -0.343  -0.234   0.419   0.770   0.082   0.162   0.158   0.000
  -0.568  -0.534  -0.326  -1.061  -1.444  -0.777   0.055   0.090  -0.725  -0.838   0.620   0.184  -1.009  -1.501  -1.096   0.671   0.741  -0.406  -0.108   1.307   0.557   0.204  -0.443  -0.691  -0.405   0.630   1.098   0.169   0.241   0.266   0.000
  -0.864  -0.860  -0.562  -1.638  -2.179  -1.322  -0.198   0.158  -1.137  -1.341   0.670   0.210  -1.664  -2.309  -1.694   0.606   1.071  -0.666  -0.287   1.614   0.871   0.389  -0.702  -1.056  -0.580   0.853   1.436   0.269   0.330   0.389   0.000
  -1.171  -1.189  -0.817  -2.257  -2.949  -1.907  -0.471   0.236  -1.580  -1.868   0.718   0.232  -2.364  -3.148  -2.314   0.518   1.420  -0.939  -0.479   1.904   1.202   0.591  -0.963  -1.413  -0.751   1.069   1.763   0.375   0.425   0.518   0.000
  -1.470  -1.501  -1.075  -2.883  -3.708  -2.503  -0.750   0.315  -2.030  -2.390   0.759   0.244  -3.064  -3.964  -2.919   0.406   1.763  -1.209  -0.678   2.157   1.527   0.793  -1.209  -1.733  -0.907   1.262   2.055   0.485   0.522   0.647   0.000
  -1.740  -1.775  -1.322  -3.476  -4.406  -3.074  -1.020   0.385  -2.460  -2.875   0.785   0.237  -3.719  -4.697  -3.470   0.272   2.071  -1.462  -0.876   2.352   1.821   0.979  -1.418  -1.988  -1.038   1.413   2.290   0.595   0.619   0.769   0.000
  -1.966  -1.995  -1.546  -3.999  -4.995  -3.586  -1.267   0.436  -2.847  -3.294   0.789   0.202  -4.280  -5.289  -3.931   0.115   2.318  -1.684  -1.064   2.472   2.062   1.135  -1.574  -2.153  -1.132   1.508   2.451   0.703   0.716   0.880   0.000
  -2.134  -2.148  -1.735  -4.416  -5.432  -4.006  -1.480   0.456  -3.167  -3.623   0.763   0.131  -4.708  -5.687  -4.269  -0.067   2.480  -1.863  -1.233   2.505   2.230   1.248  -1.659  -2.204  -1.177   1.540   2.525   0.809   0.813   0.979   0.000
  -2.234  -2.227  -1.881  -4.696  -5.683  -4.306  -1.649   0.437  -3.403  -3.841   0.701   0.019  -4.970  -5.852  -4.458  -0.273   2.540  -1.990  -1.373   2.445   2.313   1.309  -1.660  -2.127  -1.165   1.506   2.508   0.914   0.913   1.066   0.000
  -2.261  -2.227  -1.978  -4.819  -5.727  -4.468  -1.769   0.376  -3.542  -3.937   0.600  -0.137  -5.041  -5.756  -4.479  -0.500   2.492  -2.058  -1.477   2.291   2.306   1.316  -1.571  -1.912  -1.088   1.410   2.403   1.020   1.018   1.145   0.000
  -2.217  -2.153  -2.021  -4.773  -5.554  -4.477  -1.836   0.274  -3.576  -3.906   0.458  -0.331  -4.913  -5.390  -4.325  -0.744   2.338  -2.062  -1.536   2.053   2.212   1.272  -1.389  -1.562  -0.941   1.260   2.219   1.129   1.131   1.219   0.000
  -2.105  -2.011  -2.010  -4.556  -5.169  -4.333  -1.851   0.136  -3.500  -3.748   0.282  -0.554  -4.587  -4.760  -3.998  -0.995   2.091  -1.999  -1.544   1.744   2.042   1.186  -1.117  -1.085  -0.724   1.072   1.971   1.243   1.254   1.294   0.000
  -1.931  -1.808  -1.944  -4.176  -4.591  -4.041  -1.814  -0.026  -3.316  -3.472   0.078  -0.790  -4.075  -3.890  -3.509  -1.242   1.772  -1.868  -1.493   1.386   1.814   1.071  -0.763  -0.499  -0.439   0.864   1.679   1.364   1.388   1.372   0.000
  -1.706  -1.556  -1.826  -3.652  -3.845  -3.616  -1.729  -0.197  -3.030  -3.091  -0.142  -1.018  -3.401  -2.817  -2.878  -1.468   1.409  -1.668  -1.382   1.001   1.549   0.943  -0.339   0.172  -0.093   0.653   1.363   1.489   1.530   1.456   0.000
  -1.441  -1.266  -1.658  -3.007  -2.971  -3.076  -1.598  -0.361  -2.651  -2.622  -0.361  -1.215  -2.597  -1.591  -2.131  -1.656   1.033  -1.404  -1.208   0.616   1.270   0.819   0.138   0.898   0.303   0.459   1.047   1.617   1.677   1.546   0.000
  -1.146  -0.949  -1.446  -2.273  -2.009  -2.450  -1.426  -0.501  -2.192  -2.086  -0.566  -1.361  -1.701  -0.269  -1.302  -1.788   0.672  -1.080  -0.973   0.255   0.999   0.715   0.648   1.649   0.736   0.300   0.748   1.743   1.823   1.641   0.000
  -0.833  -0.617  -1.196  -1.484  -1.007  -1.768  -1.219  -0.603  -1.672  -1.503  -0.740  -1.434  -0.753   1.088  -0.427  -1.849   0.352  -0.705  -0.681  -0.062   0.755   0.643   1.171   2.393   1.189   0.186   0.484   1.861   1.959   1.737   0.000
  -0.514  -0.281  -0.919  -0.677  -0.012  -1.062  -0.984  -0.656  -1.112  -0.899  -0.871  -1.424   0.202   2.417   0.457  -1.828   0.094  -0.292  -0.342  -0.316   0.552   0.611   1.684   3.100   1.647   0.127   0.266   1.965   2.078   1.829   0.000
  -0.200   0.048  -0.625   0.110   0.930  -0.366  -0.730  -0.657  -0.537  -0.299  -0.950  -1.325   1.123   3.661   1.311  -1.721  -0.091   0.144   0.031  -0.496   0.396   0.623   2.169   3.744   2.090   0.125   0.102   2.049   2.173   1.910   0.000
   0.098   0.359  -0.330   0.841   1.778   0.287  -0.469  -0.605   0.027   0.275  -0.974  -1.142   1.969   4.766   2.098  -1.530  -0.199   0.585   0.423  -0.600   0.292   0.676   2.607   4.305   2.502   0.177  -0.009   2.109   2.238   1.975   0.000
   0.370   0.640  -0.049   1.485   2.496   0.866  -0.213  -0.508   0.553   0.796  -0.944  -0.885   2.706   5.691   2.786  -1.267  -0.232   1.011   0.816  -0.627   0.235   0.763   2.982   4.767   2.868   0.277  -0.067   2.141   2.271   2.021   0.000
   0.607   0.882   0.202   2.013   3.055   1.345   0.022  -0.378   1.015   1.246  -0.867  -0.576   3.306   6.405   3.349  -0.948  -0.199   1.401   1.190  -0.586   0.219   0.876   3.285   5.124   3.177   0.414  -0.078   2.148   2.272   2.045   0.000
   0.801   1.075   0.408   2.406   3.436   1.703   0.222  -0.229   1.390   1.605  -0.755  -0.238   3.749   6.888   3.767  -0.596  -0.114   1.739   1.528  -0.487   0.237   1.003   3.511   5.375   3.421   0.576  -0.051   2.132   2.245   2.050   0.000
   0.946   1.212   0.555   2.651   3.632   1.927   0.374  -0.077   1.661   1.860  -0.621   0.102   4.025   7.138   4.030  -0.236   0.009   2.008   1.813  -0.346   0.279   1.135   3.659   5.527   3.597   0.751   0.006   2.101   2.200   2.040   0.000
   1.040   1.289   0.636   2.745   3.644   2.012   0.466   0.064   1.817   2.005  -0.480   0.418   4.135   7.164   4.137   0.110   0.154   2.199   2.034  -0.176   0.338   1.262   3.736   5.592   3.707   0.926   0.086   2.065   2.148   2.022   0.000
   1.080   1.304   0.646   2.692   3.486   1.962   0.493   0.181   1.855   2.038  -0.346   0.691   4.089   6.989   4.096   0.420   0.308   2.310   2.186   0.009   0.408   1.379   3.753   5.587   3.758   1.095   0.183   2.037   2.102   2.008   0.000
   1.068   1.259   0.586   2.509   3.179   1.789   0.455   0.266   1.783   1.967  -0.229   0.904   3.906   6.645   3.928   0.679   0.461   2.343   2.268   0.197   0.486   1.483   3.724   5.532   3.760   1.251   0.290   2.028   2.077   2.007   0.000
   1.011   1.160   0.464   2.215   2.756   1.515   0.355   0.315   1.613   1.806  -0.138   1.050   3.613   6.175   3.658   0.877   0.608   2.310   2.289   0.381   0.572   1.575   3.667   5.450   3.731   1.393   0.408   2.052   2.088   2.033   0.000
   0.913   1.018   0.293   1.838   2.251   1.168   0.206   0.328   1.367   1.575  -0.074   1.131   3.243   5.626   3.319   1.014   0.745   2.227   2.261   0.557   0.668   1.662   3.603   5.363   3.685   1.524   0.536   2.119   2.145   2.095   0.000
   0.786   0.843   0.089   1.410   1.704   0.778   0.025   0.311   1.071   1.299  -0.037   1.153   2.832   5.046   2.949   1.097   0.873   2.113   2.202   0.723   0.778   1.749   3.549   5.294   3.644   1.649   0.675   2.237   2.258   2.204   0.000
   0.638   0.650  -0.130   0.963   1.153   0.381  -0.170   0.272   0.752   1.005  -0.019   1.132   2.416   4.482   2.585   1.139   0.996   1.992   2.135   0.882   0.907   1.846   3.524   5.260   3.625   1.775   0.829   2.411   2.433   2.364   0.000
   0.480   0.453  -0.342   0.528   0.634   0.008  -0.356   0.222   0.441   0.722  -0.010   1.085   2.029   3.977   2.263   1.157   1.120   1.886   2.083   1.039   1.058   1.963   3.544   5.279   3.645   1.913   1.001   2.643   2.671   2.580   0.000
   0.324   0.266  -0.530   0.134   0.179  -0.308  -0.511   0.174   0.164   0.477   0.001   1.032   1.700   3.563   2.016   1.171   1.250   1.815   2.067   1.200   1.236   2.106   3.619   5.363   3.720   2.071   1.193   2.930   2.969   2.850   0.000
   0.179   0.101  -0.677  -0.196  -0.187  -0.544  -0.615   0.139  -0.055   0.295   0.026   0.993   1.453   3.267   1.868   1.201   1.391   1.799   2.109   1.370   1.442   2.284   3.758   5.518   3.860   2.259   1.409   3.268   3.320   3.171   0.000
   0.052  -0.030  -0.771  -0.444  -0.448  -0.679  -0.654   0.128  -0.199   0.195   0.078   0.985   1.305   3.105   1.837   1.268   1.547   1.848   2.224   1.555   1.675   2.499   3.964   5.747   4.073   2.482   1.648   3.648   3.715   3.536   0.000
  -0.050  -0.119  -0.803  -0.599  -0.594  -0.702  -0.616   0.149  -0.255   0.191   0.166   1.023   1.264   3.081   1.933   1.386   1.721   1.972   2.423   1.757   1.932   2.754   4.237   6.049   4.361   2.744   1.908   4.061   4.143   3.936   0.000
  -0.122  -0.161  -0.771  -0.654  -0.623  -0.609  -0.496   0.207  -0.218   0.290   0.297   1.115   1.334   3.193   2.157   1.567   1.912   2.173   2.711   1.979   2.209   3.045   4.572   6.420   4.722   3.046   2.186   4.495   4.591   4.361   0.000
  -0.162  -0.154  -0.676  -0.610  -0.536  -0.400  -0.295   0.304  -0.088   0.494   0.473   1.266   1.511   3.431   2.502   1.817   2.119   2.447   3.085   2.219   2.497   3.369   4.962   6.851   5.149   3.387   2.477   4.939   5.046   4.800   0.000
  -0.169  -0.098  -0.523  -0.470  -0.343  -0.084  -0.019   0.438   0.130   0.797   0.694   1.474   1.788   3.779   2.955   2.135   2.337   2.789   3.539   2.472   2.790   3.719   5.398   7.333   5.634   3.760   2.772   5.383   5.497   5.242   0.000
  -0.142   0.005  -0.321  -0.243  -0.055   0.328   0.321   0.605   0.426   1.190   0.955   1.737   2.152   4.220   3.501   2.517   2.561   3.190   4.060   2.735   3.078   4.086   5.870   7.855   6.165   4.159   3.065   5.818   5.933   5.675   0.000
  -0.084   0.149  -0.080   0.062   0.318   0.821   0.712   0.801   0.788   1.660   1.249   2.045   2.592   4.733   4.118   2.954   2.786   3.638   4.635   3.000   3.353   4.462   6.369   8.405   6.728   4.574   3.346   6.234   6.346   6.092   0.000
   0.004   0.327   0.189   0.436   0.761   1.378   1.139   1.016   1.204   2.193   1.567   2.389   3.093   5.300   4.789   3.433   3.007   4.123   5.245   3.260   3.609   4.840   6.885   8.974   7.311   4.996   3.610   6.627   6.731   6.484   0.000
   0.120   0.534   0.476   0.866   1.263   1.984   1.587   1.245   1.660   2.771   1.898   2.759   3.645   5.907   5.492   3.940   3.219   4.635   5.875   3.509   3.841   5.213   7.413   9.552   7.901   5.417   3.850   6.994   7.084   6.849   0.000
   0.260   0.761   0.770   1.343   1.813   2.622   2.040   1.480   2.144   3.379   2.233   3.145   4.234   6.538   6.212   4.461   3.419   5.165   6.509   3.742   4.046   5.578   7.945  10.134   8.490   5.830   4.064   7.334   7.406   7.184   0.000
   0.419   1.002   1.064   1.856   2.402   3.277   2.486   1.714   2.644   4.001   2.562   3.538   4.852   7.185   6.935   4.981   3.606   5.706   7.134   3.957   4.227   5.933   8.480  10.714   9.068   6.229   4.252   7.649   7.700   7.491   0.000
   0.595   1.249   1.351   2.396   3.019   3.936   2.915   1.944   3.153   4.624   2.879   3.931   5.491   7.840   7.650   5.488   3.782   6.252   7.743   4.152   4.388   6.279   9.016  11.291   9.633   6.612   4.419   7.944   7.971   7.775   0.000
   0.781   1.495   1.627   2.954   3.656   4.588   3.319   2.166   3.661   5.236   3.177   4.320   6.141   8.497   8.349   5.971   3.949   6.800   8.327   4.331   4.534   6.619   9.552  11.864  10.183   6.980   4.570   8.225   8.227   8.042   0.000
   0.972   1.735   1.889   3.520   4.303   5.222   3.693   2.379   4.163   5.828   3.453   4.701   6.798   9.153   9.027   6.423   4.111   7.348   8.885   4.498   4.674   6.957  10.089  12.434  10.717   7.334   4.711   8.498   8.474   8.298   0.000
   1.163   1.964   2.134   4.083   4.948   5.828   4.032   2.584   4.653   6.392   3.705   5.073   7.451   9.804   9.678   6.838   4.275   7.891   9.414   4.658   4.816   7.297  10.626  12.999  11.238   7.677   4.852   8.770   8.721   8.551   0.000
   1.347   2.175   2.363   4.633   5.580   6.396   4.337   2.779   5.125   6.920   3.934   5.433   8.094  10.444  10.301   7.214   4.444   8.427   9.916   4.815   4.967   7.643  11.162  13.561  11.747   8.010   5.000   9.046   8.973   8.808   0.000
   1.517   2.364   2.575   5.158   6.185   6.919   4.606   2.967   5.573   7.407   4.141   5.781   8.718  11.068  10.891   7.548   4.623   8.950  10.390   4.976   5.135   7.995  11.694  14.117  12.244   8.338   5.159   9.330   9.235   9.073   0.000
   1.668   2.527   2.769   5.647   6.749   7.387   4.839   3.148   5.991   7.848   4.326   6.115   9.312  11.668  11.445   7.843   4.813   9.454  10.835   5.143   5.322   8.354  12.217  14.664  12.729   8.659   5.334   9.623   9.507   9.347   0.000
   1.796   2.661   2.946   6.088   7.258   7.794   5.038   3.322   6.373   8.240   4.492   6.431   9.865  12.234  11.957   8.097   5.017   9.933  11.252   5.317   5.529   8.716  12.725  15.194  13.199   8.972   5.522   9.925   9.790   9.631   0.000
   1.896   2.763   3.105   6.471   7.698   8.133   5.204   3.489   6.713   8.579   4.640   6.727  10.367  12.756  12.423   8.315   5.230  10.377  11.636   5.496   5.753   9.075  13.208  15.702  13.648   9.274   5.721  10.231  10.078   9.919   0.000
   1.967   2.831   3.246   6.787   8.058   8.400   5.337   3.647   7.004   8.862   4.770   6.997  10.809  13.224  12.836   8.496   5.450  10.778  11.984   5.676   5.989   9.422  13.657  16.175  14.069   9.559   5.925  10.535  10.365  10.205   0.000
   2.008   2.866   3.369   7.030   8.330   8.592   5.438   3.793   7.242   9.088   4.884   7.237  11.180  13.625  13.190   8.642   5.670  11.127  12.290   5.852   6.228   9.749  14.061  16.604  14.453   9.821   6.126  10.830  10.643  10.481   0.000
   2.020   2.867   3.471   7.197   8.508   8.709   5.509   3.927   7.423   9.254   4.981   7.442  11.474  13.951  13.479   8.754   5.881  11.417  12.548   6.018   6.462  10.044  14.410  16.976  14.790  10.052   6.315  11.106  10.901  10.736   0.000
   2.005   2.838   3.554   7.287   8.591   8.754   5.552   4.044   7.545   9.362   5.060   7.608  11.687  14.192  13.696   8.833   6.078  11.641  12.752   6.165   6.682  10.298  14.695  17.280  15.069  10.246   6.483  11.353  11.130  10.960   0.000
   1.968   2.781   3.614   7.304   8.579   8.730   5.566   4.143   7.608   9.411   5.120   7.732  11.815  14.343  13.838   8.880   6.250  11.794  12.897   6.289   6.876  10.503  14.908  17.506  15.281  10.396   6.623  11.562  11.319  11.143   0.000
   1.911   2.701   3.653   7.252   8.480   8.643   5.553   4.223   7.614   9.403   5.161   7.814  11.860  14.401  13.904   8.895   6.394  11.875  12.980   6.382   7.039  10.652  15.045  17.647  15.419  10.497   6.728  11.725  11.461  11.278   0.000
   1.838   2.601   3.669   7.138   8.300   8.502   5.515   4.283   7.568   9.339   5.181   7.852  11.825  14.365  13.892   8.877   6.503  11.885  12.997   6.442   7.163  10.742  15.101  17.699  15.479  10.547   6.794  11.836  11.548  11.357   0.000
   1.754   2.487   3.663   6.972   8.052   8.315   5.453   4.321   7.476   9.225   5.181   7.849  11.717  14.240  13.806   8.830   6.576  11.829  12.951   6.467   7.245  10.773  15.080  17.660  15.459  10.544   6.818  11.891  11.578  11.379   0.000
   1.662   2.364   3.635   6.764   7.749   8.092   5.369   4.339   7.344   9.064   5.161   7.808  11.545  14.034  13.653   8.753   6.612  11.713  12.844   6.458   7.286  10.748  14.985  17.536  15.363  10.491   6.802  11.889  11.551  11.343   0.000
   1.566   2.235   3.587   6.524   7.405   7.841   5.266   4.339   7.181   8.863   5.121   7.735  11.319  13.756  13.440   8.651   6.615  11.547  12.682   6.416   7.286  10.671  14.825  17.334  15.198  10.392   6.748  11.834  11.470  11.253   0.000
   1.468   2.105   3.520   6.261   7.033   7.573   5.146   4.321   6.994   8.629   5.064   7.634  11.052  13.421  13.178   8.526   6.586  11.341  12.475   6.347   7.250  10.552  14.611  17.066  14.974  10.252   6.663  11.730  11.342  11.117   0.000
   1.371   1.977   3.439   5.986   6.649   7.296   5.012   4.289   6.791   8.371   4.993   7.511  10.757  13.044  12.881   8.382   6.533  11.107  12.234   6.255   7.184  10.399  14.355  16.747  14.705  10.082   6.552  11.586  11.176  10.943   0.000
   1.277   1.853   3.346   5.704   6.263   7.017   4.869   4.244   6.579   8.096   4.910   7.373  10.446  12.639  12.561   8.225   6.459  10.855  11.969   6.148   7.095  10.223  14.070  16.393  14.405   9.888   6.424  11.412  10.982  10.743   0.000
   1.185   1.735   3.243   5.424   5.887   6.743   4.718   4.188   6.363   7.813   4.819   7.226  10.129  12.223  12.231   8.058   6.372  10.597  11.692   6.031   6.990  10.033  13.771  16.021  14.088   9.682   6.285  11.217  10.772  10.528   0.000
   1.098   1.623   3.134   5.149   5.527   6.478   4.564   4.124   6.149   7.530   4.723   7.073   9.818  11.807  11.903   7.885   6.275  10.341  11.414   5.909   6.876   9.836  13.468  15.645  13.770   9.470   6.145  11.011  10.556  10.307   0.000
   1.015   1.516   3.022   4.881   5.188   6.224   4.409   4.052   5.938   7.253   4.625   6.921   9.517  11.404  11.586   7.710   6.172  10.094  11.143   5.787   6.759   9.641  13.171  15.279  13.459   9.260   6.007  10.803  10.342  10.090   0.000
   0.935   1.413   2.908   4.623   4.871   5.982   4.256   3.975   5.732   6.986   4.528   6.770   9.232  11.020  11.286   7.534   6.066   9.858  10.884   5.667   6.643   9.451  12.888  14.930  13.164   9.058   5.877  10.600  10.137   9.881   0.000
   0.857   1.313   2.793   4.375   4.576   5.752   4.105   3.892   5.532   6.733   4.432   6.622   8.965  10.659  11.006   7.358   5.960   9.635  10.639   5.550   6.530   9.269  12.620  14.603  12.889   8.863   5.755  10.404   9.943   9.684   0.000
   0.780   1.215   2.677   4.134   4.300   5.531   3.959   3.804   5.337   6.493   4.336   6.476   8.716  10.323  10.745   7.182   5.852   9.424  10.408   5.435   6.422   9.095  12.367  14.298  12.632   8.677   5.641  10.217   9.761   9.497   0.000
   0.703   1.117   2.561   3.900   4.038   5.316   3.817   3.711   5.146   6.266   4.242   6.331   8.481  10.010  10.502   7.004   5.742   9.223  10.188   5.322   6.318   8.926  12.129  14.012  12.390   8.498   5.533  10.037   9.588   9.318   0.000
   0.624   1.018   2.443   3.670   3.785   5.104   3.677   3.612   4.957   6.049   4.146   6.183   8.260   9.716  10.271   6.823   5.630   9.027   9.974   5.208   6.216   8.758  11.899  13.740  12.157   8.321   5.428   9.860   9.419   9.143   0.000
   0.542   0.919   2.322   3.444   3.536   4.892   3.539   3.508   4.769   5.839   4.048   6.030   8.046   9.438  10.047   6.637   5.513   8.833   9.761   5.091   6.113   8.588  11.673  13.475  11.927   8.142   5.322   9.683   9.250   8.966   0.000
   0.458   0.819   2.198   3.219   3.288   4.678   3.403   3.398   4.580   5.632   3.945   5.869   7.838   9.170   9.826   6.445   5.389   8.635   9.543   4.970   6.005   8.412  11.446  13.211  11.693   7.958   5.213   9.499   9.074   8.784   0.000
   0.372   0.719   2.071   2.997   3.039   4.463   3.266   3.283   4.390   5.427   3.838   5.698   7.632   8.911   9.603   6.246   5.258   8.431   9.318   4.844   5.889   8.225  11.213  12.941  11.451   7.766   5.096   9.306   8.889   8.592   0.000
   0.284   0.622   1.941   2.778   2.789   4.245   3.130   3.163   4.199   5.220   3.726   5.515   7.428   8.657   9.376   6.041   5.117   8.218   9.082   4.712   5.763   8.025  10.971  12.664  11.198   7.564   4.971   9.100   8.692   8.390   0.000
   0.198   0.529   1.809   2.564   2.540   4.029   2.993   3.038   4.008   5.013   3.609   5.320   7.224   8.409   9.146   5.831   4.966   7.998   8.836   4.576   5.625   7.811  10.720  12.379  10.934   7.353   4.837   8.880   8.482   8.179   0.000
   0.116   0.442   1.678   2.358   2.294   3.818   2.857   2.910   3.819   4.806   3.489   5.115   7.022   8.169   8.915   5.621   4.807   7.769   8.584   4.437   5.474   7.585  10.462  12.087  10.661   7.133   4.695   8.647   8.261   7.960   0.000
   0.042   0.363   1.550   2.163   2.059   3.617   2.724   2.781   3.634   4.601   3.369   4.902   6.826   7.940   8.685   5.412   4.638   7.537   8.328   4.297   5.310   7.347  10.199  11.794  10.384   6.910   4.546   8.405   8.032   7.737   0.000
  -0.023   0.293   1.428   1.984   1.839   3.431   2.596   2.651   3.458   4.403   3.251   4.685   6.639   7.726   8.464   5.211   4.463   7.303   8.075   4.156   5.136   7.102   9.935  11.504  10.110   6.685   4.392   8.157   7.799   7.515   0.000
  -0.076   0.235   1.315   1.823   1.639   3.265   2.476   2.524   3.293   4.216   3.139   4.469   6.464   7.531   8.255   5.019   4.283   7.074   7.831   4.017   4.953   6.854   9.676  11.223   9.845   6.463   4.235   7.909   7.568   7.297   0.000
  -0.115   0.188   1.214   1.684   1.466   3.123   2.366   2.399   3.143   4.044   3.033   4.259   6.305   7.359   8.064   4.843   4.101   6.853   7.601   3.881   4.765   6.608   9.425  10.958   9.594   6.249   4.080   7.665   7.341   7.087   0.000
  -0.141   0.153   1.125   1.568   1.321   3.007   2.267   2.280   3.010   3.890   2.937   4.058   6.165   7.213   7.895   4.684   3.920   6.644   7.391   3.750   4.576   6.370   9.189  10.713   9.364   6.046   3.927   7.430   7.125   6.888   0.000
  -0.153   0.128   1.049   1.475   1.207   2.918   2.183   2.168   2.897   3.758   2.852   3.872   6.045   7.094   7.753   4.545   3.744   6.452   7.205   3.624   4.390   6.143   8.969  10.492   9.157   5.857   3.781   7.208   6.921   6.702   0.000
  -0.156   0.113   0.986   1.405   1.123   2.856   2.113   2.063   2.802   3.650   2.779   3.703   5.946   7.000   7.636   4.427   3.575   6.277   7.044   3.506   4.212   5.932   8.768  10.294   8.974   5.685   3.643   7.004   6.732   6.531   0.000
  -0.150   0.106   0.932   1.354   1.067   2.817   2.058   1.966   2.727   3.564   2.716   3.553   5.867   6.930   7.547   4.330   3.417   6.122   6.909   3.396   4.045   5.739   8.586  10.120   8.816   5.530   3.517   6.818   6.560   6.373   0.000
  -0.141   0.105   0.888   1.320   1.035   2.799   2.018   1.879   2.669   3.502   2.665   3.424   5.804   6.880   7.481   4.252   3.271   5.986   6.799   3.298   3.892   5.566   8.422   9.967   8.680   5.394   3.404   6.652   6.405   6.229   0.000
  -0.130   0.109   0.850   1.300   1.024   2.798   1.991   1.801   2.625   3.460   2.622   3.314   5.754   6.843   7.436   4.191   3.139   5.868   6.711   3.211   3.757   5.412   8.275   9.832   8.563   5.276   3.307   6.505   6.267   6.099   0.000
  -0.121   0.116   0.818   1.290   1.027   2.808   1.976   1.733   2.595   3.436   2.588   3.221   5.715   6.817   7.407   4.146   3.023   5.766   6.641   3.137   3.640   5.278   8.142   9.708   8.460   5.176   3.226   6.375   6.144   5.982   0.000
  -0.114   0.127   0.791   1.287   1.041   2.826   1.970   1.676   2.574   3.426   2.560   3.145   5.681   6.794   7.390   4.112   2.923   5.678   6.585   3.078   3.542   5.161   8.019   9.593   8.368   5.092   3.163   6.260   6.036   5.876   0.000
  -0.110   0.139   0.768   1.291   1.062   2.847   1.972   1.629   2.559   3.427   2.538   3.081   5.650   6.771   7.380   4.088   2.839   5.600   6.539   3.032   3.462   5.060   7.904   9.482   8.282   5.023   3.116   6.157   5.939   5.781   0.000
  -0.107   0.154   0.752   1.298   1.086   2.869   1.980   1.593   2.550   3.436   2.520   3.029   5.620   6.745   7.372   4.070   2.768   5.531   6.497   3.000   3.399   4.971   7.793   9.370   8.199   4.965   3.085   6.062   5.852   5.693   0.000
  -0.104   0.173   0.742   1.310   1.112   2.890   1.992   1.567   2.545   3.451   2.504   2.984   5.588   6.714   7.363   4.057   2.711   5.467   6.458   2.980   3.349   4.891   7.683   9.256   8.114   4.917   3.067   5.972   5.771   5.612   0.000
  -0.096   0.196   0.740   1.326   1.140   2.908   2.006   1.549   2.542   3.467   2.490   2.946   5.555   6.678   7.350   4.045   2.665   5.407   6.418   2.970   3.309   4.818   7.573   9.137   8.027   4.875   3.059   5.884   5.692   5.534   0.000
  -0.083   0.224   0.748   1.347   1.168   2.922   2.021   1.539   2.541   3.485   2.477   2.913   5.519   6.637   7.331   4.034   2.626   5.349   6.375   2.967   3.277   4.748   7.462   9.014   7.936   4.836   3.059   5.794   5.614   5.457   0.000
  -0.062   0.256   0.765   1.371   1.197   2.934   2.036   1.534   2.543   3.501   2.464   2.884   5.483   6.594   7.308   4.023   2.594   5.292   6.329   2.968   3.249   4.681   7.351   8.887   7.842   4.798   3.061   5.700   5.534   5.378   0.000
  -0.031   0.294   0.791   1.400   1.229   2.944   2.050   1.532   2.547   3.517   2.451   2.858   5.448   6.552   7.281   4.011   2.566   5.236   6.281   2.971   3.221   4.615   7.239   8.757   7.744   4.759   3.064   5.603   5.450   5.296   0.000
   0.009   0.336   0.824   1.434   1.265   2.953   2.063   1.530   2.555   3.532   2.437   2.835   5.416   6.514   7.253   3.998   2.538   5.182   6.231   2.973   3.192   4.548   7.129   8.627   7.645   4.719   3.064   5.500   5.361   5.209   0.000
   0.057   0.382   0.862   1.472   1.307   2.964   2.075   1.526   2.565   3.547   2.422   2.813   5.389   6.482   7.224   3.985   2.510   5.130   6.182   2.973   3.159   4.481   7.020   8.499   7.546   4.675   3.058   5.393   5.266   5.115   0.000
   0.111   0.430   0.902   1.514   1.355   2.979   2.086   1.517   2.580   3.563   2.407   2.791   5.369   6.460   7.198   3.971   2.478   5.080   6.135   2.970   3.121   4.414   6.915   8.374   7.449   4.630   3.046   5.283   5.166   5.016   0.000
   0.171   0.480   0.941   1.560   1.410   3.000   2.097   1.502   2.598   3.580   2.391   2.769   5.356   6.447   7.177   3.958   2.442   5.032   6.092   2.963   3.076   4.346   6.815   8.254   7.355   4.584   3.026   5.170   5.062   4.911   0.000
   0.233   0.531   0.976   1.609   1.473   3.027   2.108   1.479   2.618   3.598   2.374   2.746   5.350   6.445   7.161   3.945   2.400   4.988   6.053   2.953   3.024   4.277   6.720   8.139   7.266   4.536   3.000   5.056   4.955   4.803   0.000
   0.296   0.581   1.005   1.662   1.543   3.061   2.119   1.448   2.639   3.618   2.356   2.720   5.350   6.452   7.151   3.933   2.352   4.947   6.019   2.940   2.965   4.208   6.629   8.030   7.182   4.490   2.969   4.943   4.847   4.693   0.000
   0.357   0.630   1.026   1.717   1.618   3.103   2.130   1.409   2.661   3.638   2.338   2.691   5.356   6.466   7.145   3.922   2.298   4.907   5.989   2.925   2.898   4.138   6.541   7.926   7.103   4.444   2.934   4.832   4.740   4.584   0.000
   0.417   0.677   1.038   1.774   1.697   3.150   2.141   1.363   2.680   3.659   2.319   2.657   5.363   6.482   7.143   3.913   2.238   4.868   5.963   2.909   2.826   4.067   6.457   7.826   7.029   4.401   2.898   4.724   4.635   4.478   0.000
   0.473   0.721   1.041   1.832   1.777   3.201   2.151   1.312   2.695   3.678   2.300   2.621   5.370   6.499   7.140   3.903   2.175   4.828   5.938   2.894   2.750   3.996   6.373   7.728   6.959   4.359   2.862   4.619   4.533   4.378   0.000
   0.524   0.759   1.035   1.889   1.853   3.252   2.159   1.257   2.705   3.693   2.280   2.580   5.373   6.510   7.135   3.894   2.110   4.786   5.914   2.881   2.671   3.923   6.289   7.631   6.891   4.320   2.830   4.519   4.437   4.285   0.000
   0.571   0.792   1.022   1.943   1.924   3.301   2.165   1.201   2.708   3.703   2.258   2.538   5.369   6.514   7.124   3.885   2.045   4.741   5.887   2.871   2.594   3.850   6.203   7.532   6.824   4.281   2.802   4.422   4.347   4.200   0.000
   0.611   0.818   1.004   1.991   1.986   3.346   2.169   1.147   2.705   3.706   2.236   2.494   5.356   6.506   7.105   3.876   1.985   4.692   5.855   2.864   2.520   3.776   6.113   7.429   6.755   4.243   2.778   4.329   4.262   4.124   0.000
   0.646   0.835   0.981   2.033   2.035   3.382   2.168   1.097   2.694   3.701   2.213   2.450   5.332   6.485   7.075   3.865   1.930   4.638   5.818   2.861   2.451   3.701   6.019   7.321   6.684   4.205   2.760   4.239   4.182   4.055   0.000
   0.673   0.842   0.957   2.066   2.072   3.409   2.163   1.052   2.678   3.686   2.189   2.408   5.296   6.449   7.034   3.854   1.883   4.578   5.774   2.860   2.389   3.627   5.918   7.205   6.606   4.164   2.746   4.151   4.106   3.992   0.000
   0.694   0.840   0.933   2.089   2.093   3.426   2.154   1.015   2.656   3.663   2.165   2.368   5.249   6.399   6.981   3.842   1.845   4.513   5.722   2.861   2.336   3.551   5.810   7.080   6.522   4.120   2.734   4.063   4.031   3.931   0.000
   0.708   0.829   0.910   2.102   2.101   3.431   2.139   0.987   2.630   3.632   2.141   2.332   5.191   6.336   6.917   3.828   1.817   4.443   5.662   2.863   2.290   3.476   5.695   6.944   6.428   4.072   2.722   3.973   3.955   3.868   0.000
   0.715   0.808   0.891   2.105   2.095   3.425   2.120   0.968   2.601   3.595   2.117   2.301   5.124   6.261   6.844   3.813   1.799   4.370   5.595   2.865   2.251   3.400   5.572   6.799   6.324   4.020   2.709   3.880   3.876   3.801   0.000
   0.716   0.779   0.876   2.100   2.079   3.411   2.096   0.958   2.573   3.555   2.094   2.274   5.051   6.179   6.764   3.797   1.789   4.293   5.523   2.864   2.218   3.323   5.444   6.644   6.209   3.963   2.692   3.782   3.790   3.727   0.000
   0.714   0.744   0.866   2.089   2.056   3.389   2.068   0.957   2.545   3.513   2.071   2.252   4.974   6.092   6.681   3.780   1.785   4.215   5.447   2.860   2.189   3.246   5.310   6.481   6.086   3.902   2.671   3.679   3.698   3.643   0.000
   0.708   0.704   0.861   2.074   2.028   3.362   2.038   0.963   2.521   3.474   2.050   2.234   4.896   6.004   6.598   3.762   1.786   4.137   5.369   2.851   2.163   3.169   5.173   6.313   5.955   3.838   2.644   3.573   3.599   3.550   0.000
   0.701   0.662   0.861   2.056   2.000   3.332   2.007   0.973   2.499   3.440   2.031   2.220   4.821   5.919   6.518   3.742   1.788   4.060   5.293   2.839   2.136   3.093   5.037   6.143   5.820   3.775   2.613   3.463   3.494   3.449   0.000
   0.694   0.620   0.866   2.039   1.975   3.301   1.976   0.985   2.482   3.413   2.013   2.208   4.750   5.839   6.444   3.721   1.789   3.985   5.221   2.823   2.109   3.019   4.903   5.977   5.684   3.713   2.578   3.353   3.385   3.341   0.000
   0.689   0.580   0.872   2.023   1.955   3.270   1.946   0.996   2.468   3.395   1.996   2.195   4.684   5.767   6.377   3.699   1.786   3.913   5.153   2.805   2.078   2.947   4.775   5.818   5.551   3.655   2.540   3.247   3.276   3.231   0.000
   0.686   0.543   0.879   2.008   1.941   3.240   1.920   1.002   2.454   3.386   1.981   2.181   4.624   5.704   6.317   3.676   1.777   3.843   5.091   2.785   2.043   2.877   4.656   5.669   5.426   3.602   2.502   3.146   3.171   3.122   0.000
   0.684   0.511   0.884   1.995   1.933   3.211   1.897   1.000   2.441   3.385   1.967   2.161   4.568   5.648   6.263   3.653   1.759   3.775   5.035   2.764   2.003   2.810   4.545   5.535   5.311   3.555   2.466   3.054   3.073   3.020   0.000
   0.684   0.485   0.884   1.982   1.930   3.182   1.878   0.986   2.423   3.389   1.954   2.134   4.515   5.599   6.214   3.628   1.732   3.707   4.984   2.745   1.957   2.743   4.446   5.417   5.207   3.514   2.432   2.974   2.986   2.927   0.000
   0.683   0.466   0.877   1.967   1.930   3.154   1.863   0.960   2.399   3.396   1.941   2.096   4.462   5.554   6.167   3.603   1.693   3.638   4.935   2.726   1.904   2.675   4.355   5.314   5.117   3.479   2.402   2.905   2.912   2.846   0.000
   0.681   0.452   0.861   1.948   1.929   3.124   1.851   0.920   2.367   3.402   1.927   2.048   4.406   5.510   6.117   3.577   1.644   3.565   4.885   2.709   1.844   2.606   4.273   5.227   5.039   3.448   2.377   2.849   2.852   2.780   0.000
   0.676   0.444   0.836   1.925   1.926   3.093   1.841   0.868   2.325   3.402   1.912   1.988   4.345   5.464   6.064   3.551   1.586   3.489   4.834   2.693   1.779   2.534   4.197   5.152   4.970   3.419   2.357   2.803   2.806   2.727   0.000
   0.667   0.439   0.801   1.895   1.917   3.059   1.830   0.805   2.274   3.393   1.894   1.917   4.277   5.414   6.002   3.524   1.521   3.407   4.777   2.677   1.708   2.458   4.124   5.086   4.908   3.389   2.339   2.766   2.772   2.687   0.000
   0.653   0.438   0.759   1.858   1.900   3.023   1.818   0.735   2.214   3.374   1.873   1.839   4.200   5.358   5.932   3.496   1.452   3.322   4.715   2.661   1.636   2.380   4.052   5.024   4.850   3.357   2.325   2.735   2.747   2.657   0.000
   0.636   0.438   0.711   1.816   1.877   2.985   1.803   0.662   2.148   3.343   1.848   1.756   4.116   5.294   5.852   3.465   1.382   3.233   4.646   2.644   1.562   2.300   3.979   4.964   4.792   3.321   2.311   2.706   2.729   2.633   0.000
   0.615   0.438   0.661   1.770   1.846   2.945   1.784   0.591   2.079   3.302   1.818   1.673   4.025   5.222   5.764   3.432   1.316   3.143   4.570   2.625   1.491   2.219   3.901   4.900   4.731   3.280   2.298   2.677   2.713   2.613   0.000
   0.592   0.436   0.611   1.722   1.811   2.905   1.760   0.525   2.010   3.252   1.784   1.594   3.928   5.144   5.668   3.396   1.255   3.054   4.489   2.604   1.422   2.139   3.818   4.828   4.663   3.233   2.282   2.644   2.695   2.593   0.000
   0.568   0.432   0.566   1.675   1.773   2.867   1.732   0.468   1.945   3.196   1.745   1.521   3.829   5.060   5.567   3.356   1.203   2.966   4.403   2.581   1.358   2.060   3.729   4.746   4.588   3.181   2.265   2.604   2.671   2.569   0.000
   0.544   0.424   0.528   1.633   1.735   2.831   1.699   0.421   1.886   3.137   1.703   1.457   3.728   4.972   5.462   3.312   1.158   2.880   4.314   2.555   1.299   1.984   3.631   4.651   4.504   3.123   2.244   2.555   2.640   2.538   0.000
   0.521   0.413   0.497   1.596   1.701   2.798   1.664   0.386   1.834   3.080   1.659   1.401   3.628   4.879   5.355   3.262   1.122   2.797   4.224   2.527   1.243   1.909   3.525   4.541   4.409   3.061   2.219   2.496   2.597   2.498   0.000
   0.498   0.398   0.474   1.566   1.672   2.768   1.627   0.360   1.790   3.025   1.612   1.353   3.529   4.784   5.248   3.208   1.091   2.714   4.131   2.497   1.190   1.835   3.409   4.414   4.304   2.993   2.191   2.425   2.541   2.447   0.000
   0.477   0.380   0.459   1.545   1.650   2.741   1.590   0.341   1.752   2.975   1.564   1.310   3.431   4.684   5.139   3.149   1.064   2.630   4.037   2.464   1.138   1.759   3.283   4.272   4.187   2.921   2.157   2.343   2.472   2.384   0.000
   0.457   0.359   0.448   1.529   1.633   2.715   1.554   0.326   1.718   2.929   1.515   1.269   3.332   4.580   5.029   3.085   1.038   2.542   3.940   2.427   1.085   1.680   3.147   4.114   4.060   2.845   2.119   2.248   2.390   2.309   0.000
   0.437   0.336   0.439   1.519   1.621   2.689   1.520   0.311   1.686   2.889   1.467   1.225   3.230   4.469   4.916   3.017   1.008   2.449   3.840   2.387   1.030   1.597   3.000   3.940   3.922   2.764   2.075   2.144   2.295   2.222   0.000
   0.419   0.311   0.430   1.510   1.611   2.661   1.488   0.291   1.651   2.851   1.420   1.176   3.124   4.352   4.798   2.945   0.975   2.346   3.736   2.341   0.973   1.508   2.844   3.754   3.775   2.678   2.028   2.033   2.191   2.125   0.000
   0.400   0.286   0.416   1.499   1.601   2.629   1.457   0.265   1.612   2.814   1.375   1.118   3.011   4.226   4.676   2.872   0.935   2.234   3.626   2.292   0.912   1.413   2.680   3.559   3.620   2.589   1.975   1.917   2.080   2.021   0.000
   0.381   0.261   0.398   1.483   1.587   2.593   1.427   0.231   1.567   2.776   1.331   1.052   2.890   4.093   4.548   2.798   0.888   2.113   3.512   2.237   0.847   1.314   2.512   3.358   3.461   2.497   1.919   1.800   1.966   1.912   0.000
   0.362   0.238   0.372   1.461   1.568   2.550   1.398   0.187   1.513   2.735   1.290   0.975   2.761   3.952   4.416   2.726   0.835   1.982   3.394   2.178   0.781   1.212   2.343   3.157   3.299   2.404   1.861   1.686   1.853   1.802   0.000
   0.344   0.216   0.339   1.429   1.542   2.502   1.367   0.135   1.450   2.691   1.252   0.890   2.624   3.806   4.280   2.656   0.776   1.846   3.274   2.117   0.713   1.110   2.177   2.961   3.140   2.312   1.802   1.580   1.745   1.696   0.000
   0.326   0.197   0.300   1.389   1.510   2.450   1.336   0.076   1.380   2.642   1.216   0.798   2.482   3.660   4.144   2.590   0.712   1.706   3.154   2.054   0.644   1.009   2.018   2.775   2.989   2.224   1.743   1.483   1.647   1.597   0.000
   0.309   0.179   0.256   1.343   1.472   2.396   1.303   0.012   1.304   2.590   1.183   0.701   2.338   3.515   4.011   2.529   0.645   1.567   3.038   1.992   0.574   0.911   1.870   2.605   2.849   2.142   1.686   1.398   1.562   1.509   0.000
   0.294   0.164   0.211   1.291   1.433   2.342   1.270  -0.053   1.224   2.536   1.153   0.603   2.195   3.378   3.884   2.473   0.576   1.432   2.929   1.934   0.505   0.818   1.736   2.454   2.725   2.068   1.634   1.326   1.490   1.434   0.000
   0.281   0.151   0.168   1.239   1.394   2.290   1.238  -0.117   1.144   2.482   1.125   0.505   2.059   3.251   3.766   2.421   0.507   1.305   2.829   1.881   0.436   0.730   1.618   2.324   2.619   2.004   1.587   1.266   1.433   1.372   0.000
   0.270   0.138   0.127   1.189   1.359   2.244   1.207  -0.178   1.066   2.430   1.099   0.412   1.932   3.138   3.659   2.373   0.439   1.187   2.739   1.835   0.367   0.647   1.514   2.216   2.531   1.952   1.548   1.215   1.389   1.324   0.000
   0.263   0.125   0.092   1.145   1.330   2.203   1.179  -0.232   0.994   2.381   1.074   0.325   1.817   3.039   3.565   2.329   0.374   1.081   2.660   1.797   0.298   0.568   1.425   2.127   2.461   1.910   1.516   1.171   1.355   1.287   0.000
   0.259   0.111   0.064   1.109   1.309   2.169   1.153  -0.279   0.927   2.334   1.051   0.246   1.715   2.955   3.483   2.286   0.311   0.986   2.592   1.768   0.231   0.491   1.345   2.054   2.405   1.877   1.492   1.129   1.328   1.259   0.000
   0.258   0.096   0.042   1.081   1.295   2.142   1.131  -0.318   0.869   2.291   1.028   0.175   1.626   2.882   3.410   2.243   0.253   0.901   2.533   1.748   0.164   0.415   1.271   1.991   2.359   1.852   1.475   1.087   1.303   1.235   0.000
   0.261   0.081   0.025   1.062   1.288   2.118   1.112  -0.350   0.817   2.249   1.005   0.114   1.546   2.818   3.344   2.200   0.199   0.822   2.479   1.736   0.100   0.338   1.198   1.932   2.317   1.832   1.465   1.040   1.277   1.213   0.000
   0.266   0.064   0.014   1.050   1.285   2.098   1.094  -0.374   0.773   2.208   0.982   0.062   1.474   2.758   3.280   2.155   0.151   0.748   2.428   1.729   0.038   0.260   1.121   1.870   2.272   1.812   1.459   0.987   1.246   1.187   0.000
   0.273   0.047   0.004   1.042   1.282   2.078   1.077  -0.393   0.733   2.164   0.959   0.018   1.404   2.695   3.214   2.107   0.106   0.674   2.375   1.726  -0.021   0.181   1.036   1.800   2.218   1.789   1.456   0.926   1.207   1.157   0.000
   0.280   0.032  -0.006   1.034   1.277   2.056   1.060  -0.407   0.697   2.118   0.936  -0.020   1.334   2.626   3.142   2.057   0.065   0.599   2.319   1.723  -0.076   0.099   0.940   1.717   2.152   1.762   1.452   0.858   1.160   1.119   0.000
   0.287   0.018  -0.017   1.026   1.266   2.030   1.042  -0.420   0.661   2.067   0.912  -0.054   1.259   2.547   3.061   2.004   0.028   0.520   2.255   1.718  -0.127   0.018   0.833   1.619   2.070   1.725   1.447   0.783   1.105   1.073   0.000
   0.293   0.006  -0.032   1.013   1.248   2.000   1.022  -0.434   0.625   2.011   0.888  -0.087   1.177   2.456   2.969   1.949  -0.008   0.436   2.181   1.708  -0.175  -0.063   0.717   1.507   1.971   1.679   1.436   0.705   1.042   1.018   0.000
   0.297  -0.002  -0.052   0.994   1.223   1.966   0.999  -0.450   0.588   1.951   0.863  -0.120   1.088   2.354   2.865   1.892  -0.044   0.348   2.097   1.691  -0.220  -0.142   0.593   1.383   1.855   1.621   1.418   0.624   0.973   0.956   0.000
   0.298  -0.008  -0.077   0.970   1.190   1.926   0.975  -0.470   0.547   1.888   0.837  -0.157   0.994   2.242   2.752   1.832  -0.080   0.257   2.003   1.664  -0.262  -0.216   0.467   1.251   1.727   1.552   1.391   0.546   0.901   0.888   0.000
   0.297  -0.011  -0.106   0.941   1.152   1.884   0.948  -0.495   0.504   1.822   0.810  -0.198   0.895   2.123   2.629   1.770  -0.117   0.166   1.899   1.627  -0.302  -0.285   0.343   1.117   1.591   1.473   1.354   0.471   0.829   0.816   0.000
   0.294  -0.013  -0.139   0.908   1.111   1.838   0.918  -0.526   0.459   1.755   0.781  -0.245   0.796   2.003   2.502   1.706  -0.156   0.078   1.788   1.580  -0.341  -0.346   0.228   0.986   1.450   1.384   1.306   0.402   0.758   0.741   0.000
   0.288  -0.016  -0.175   0.874   1.071   1.792   0.887  -0.564   0.413   1.689   0.748  -0.296   0.700   1.887   2.375   1.639  -0.197  -0.004   1.671   1.523  -0.379  -0.399   0.124   0.865   1.312   1.289   1.249   0.342   0.690   0.665   0.000
   0.281  -0.020  -0.212   0.842   1.035   1.747   0.852  -0.606   0.366   1.625   0.712  -0.352   0.611   1.778   2.250   1.569  -0.238  -0.077   1.553   1.457  -0.415  -0.443   0.036   0.757   1.182   1.189   1.184   0.290   0.629   0.592   0.000
   0.272  -0.028  -0.249   0.814   1.005   1.703   0.815  -0.653   0.321   1.563   0.671  -0.411   0.533   1.680   2.132   1.497  -0.279  -0.140   1.437   1.385  -0.451  -0.480  -0.034   0.664   1.062   1.090   1.113   0.246   0.574   0.521   0.000
   0.262  -0.041  -0.285   0.790   0.983   1.660   0.774  -0.703   0.278   1.505   0.625  -0.470   0.467   1.597   2.024   1.422  -0.319  -0.192   1.327   1.309  -0.486  -0.510  -0.088   0.587   0.957   0.993   1.039   0.211   0.525   0.456   0.000
   0.250  -0.061  -0.320   0.773   0.970   1.621   0.729  -0.753   0.239   1.451   0.574  -0.527   0.413   1.528   1.928   1.346  -0.356  -0.234   1.225   1.232  -0.519  -0.536  -0.127   0.524   0.868   0.903   0.966   0.182   0.483   0.395   0.000
   0.236  -0.086  -0.352   0.762   0.965   1.584   0.679  -0.803   0.204   1.401   0.520  -0.580   0.371   1.473   1.846   1.271  -0.390  -0.267   1.135   1.157  -0.550  -0.559  -0.155   0.472   0.794   0.822   0.898   0.157   0.447   0.341   0.000
   0.220  -0.119  -0.383   0.755   0.967   1.550   0.626  -0.852   0.172   1.355   0.464  -0.627   0.339   1.429   1.776   1.197  -0.421  -0.294   1.058   1.088  -0.580  -0.581  -0.178   0.425   0.734   0.753   0.837   0.134   0.414   0.292   0.000
   0.200  -0.158  -0.412   0.751   0.973   1.518   0.569  -0.898   0.144   1.314   0.407  -0.669   0.312   1.393   1.719   1.127  -0.448  -0.318   0.994   1.027  -0.609  -0.606  -0.200   0.378   0.685   0.697   0.787   0.109   0.382   0.247   0.000
   0.176  -0.201  -0.440   0.747   0.981   1.486   0.511  -0.940   0.118   1.276   0.351  -0.705   0.288   1.361   1.671   1.064  -0.472  -0.344   0.943   0.976  -0.637  -0.634  -0.227   0.325   0.642   0.653   0.749   0.080   0.350   0.205   0.000
   0.149  -0.247  -0.469   0.741   0.988   1.455   0.452  -0.979   0.093   1.241   0.298  -0.737   0.263   1.329   1.631   1.009  -0.494  -0.373   0.903   0.936  -0.664  -0.667  -0.263   0.264   0.603   0.621   0.722   0.045   0.315   0.164   0.000
   0.118  -0.293  -0.498   0.730   0.991   1.423   0.394  -1.014   0.066   1.208   0.250  -0.764   0.233   1.294   1.594   0.963  -0.514  -0.407   0.872   0.907  -0.692  -0.706  -0.310   0.191   0.564   0.599   0.707   0.003   0.275   0.122   0.000
   0.083  -0.339  -0.528   0.712   0.988   1.389   0.339  -1.045   0.038   1.177   0.208  -0.790   0.197   1.253   1.558   0.925  -0.533  -0.448   0.846   0.888  -0.720  -0.748  -0.368   0.107   0.522   0.584   0.701  -0.048   0.230   0.079   0.000
   0.046  -0.381  -0.559   0.687   0.977   1.352   0.288  -1.073   0.006   1.147   0.170  -0.815   0.152   1.206   1.520   0.896  -0.553  -0.495   0.824   0.877  -0.748  -0.795  -0.438   0.012   0.475   0.573   0.701  -0.105   0.178   0.032   0.000
   0.008  -0.418  -0.592   0.654   0.958   1.313   0.242  -1.096  -0.030   1.115   0.138  -0.841   0.099   1.152   1.478   0.872  -0.573  -0.548   0.800   0.869  -0.778  -0.843  -0.515  -0.089   0.424   0.562   0.702  -0.169   0.122  -0.017   0.000
  -0.029  -0.449  -0.625   0.614   0.933   1.271   0.201  -1.116  -0.069   1.082   0.110  -0.867   0.039   1.092   1.431   0.850  -0.594  -0.604   0.773   0.864  -0.808  -0.891  -0.598  -0.192   0.367   0.549   0.701  -0.235   0.061  -0.068   0.000
  -0.064  -0.473  -0.656   0.571   0.901   1.227   0.164  -1.131  -0.112   1.045   0.085  -0.894  -0.026   1.029   1.378   0.827  -0.616  -0.661   0.741   0.856  -0.840  -0.938  -0.681  -0.291   0.308   0.531   0.693  -0.302  -0.000  -0.121   0.000
  -0.094  -0.490  -0.684   0.525   0.867   1.182   0.132  -1.142  -0.155   1.006   0.061  -0.920  -0.093   0.966   1.320   0.800  -0.639  -0.716   0.701   0.843  -0.872  -0.982  -0.762  -0.384   0.246   0.506   0.677  -0.368  -0.061  -0.174   0.000
  -0.118  -0.502  -0.707   0.482   0.833   1.137   0.101  -1.147  -0.197   0.963   0.037  -0.944  -0.159   0.906   1.256   0.766  -0.662  -0.768   0.654   0.823  -0.905  -1.023  -0.836  -0.464   0.183   0.473   0.650  -0.430  -0.119  -0.225   0.000
  -0.134  -0.510  -0.723   0.444   0.801   1.094   0.072  -1.147  -0.235   0.916   0.012  -0.965  -0.220   0.851   1.188   0.724  -0.686  -0.814   0.600   0.794  -0.939  -1.060  -0.902  -0.531   0.121   0.430   0.611  -0.488  -0.174  -0.274   0.000
  -0.142  -0.515  -0.730   0.415   0.776   1.052   0.042  -1.142  -0.267   0.868  -0.015  -0.981  -0.274   0.804   1.117   0.672  -0.709  -0.853   0.539   0.757  -0.973  -1.094  -0.959  -0.584   0.060   0.378   0.560  -0.541  -0.225  -0.322   0.000
  -0.141  -0.519  -0.728   0.397   0.758   1.013   0.011  -1.132  -0.290   0.818  -0.043  -0.991  -0.318   0.767   1.045   0.612  -0.732  -0.884   0.472   0.712  -1.007  -1.126  -1.007  -0.623   0.001   0.318   0.501  -0.592  -0.273  -0.367   0.000
  -0.131  -0.524  -0.715   0.391   0.751   0.978  -0.021  -1.117  -0.302   0.767  -0.073  -0.993  -0.350   0.741   0.974   0.545  -0.752  -0.907   0.403   0.660  -1.042  -1.157  -1.046  -0.650  -0.057   0.250   0.434  -0.639  -0.317  -0.411   0.000
  -0.114  -0.530  -0.691   0.398   0.754   0.946  -0.054  -1.097  -0.303   0.718  -0.104  -0.989  -0.371   0.726   0.906   0.475  -0.771  -0.923   0.331   0.604  -1.075  -1.187  -1.078  -0.668  -0.114   0.177   0.363  -0.686  -0.361  -0.455   0.000
  -0.090  -0.537  -0.659   0.417   0.768   0.919  -0.087  -1.074  -0.292   0.671  -0.135  -0.979  -0.379   0.721   0.842   0.405  -0.786  -0.931   0.262   0.545  -1.108  -1.217  -1.104  -0.680  -0.169   0.100   0.290  -0.733  -0.404  -0.500   0.000
