# 5_5 position system. Positions taking values according to 
# Oostenveld R, Praastra P (2001): The five percent electrode system for high-resolution
# EEG and ERP measurements. Clinical Neurophysiology 112 (2001) 713-719
LPA -0.92 0.00 -0.38   
RPA 0.92 0.00 -0.38    
Nz -0.00 0.92 -0.38    
Fp1 -0.31 0.95 0.00    
Fpz -0.00 1.00 0.00    
Fp2 0.31 0.95 0.00     
AF9 -0.54 0.75 -0.38   
AF7 -0.59 0.81 0.00    
AF5 -0.49 0.86 0.16    
AF3 -0.36 0.89 0.28    
AF1 -0.19 0.92 0.36    
AFz -0.00 0.92 0.38    
AF2 0.19 0.92 0.36     
AF4 0.36 0.89 0.28     
AF6 0.49 0.86 0.16     
AF8 0.59 0.81 0.00     
AF10 0.54 0.75 -0.38   
F9 -0.75 0.54 -0.38    
F7 -0.81 0.59 0.00     
F5 -0.72 0.63 0.28     
F3 -0.54 0.67 0.50     
F1 -0.29 0.70 0.65     
Fz -0.00 0.71 0.71     
F2 0.29 0.70 0.65      
F4 0.54 0.67 0.50      
F6 0.72 0.63 0.28      
F8 0.81 0.59 0.00      
F10 0.75 0.54 -0.38    
FT9 -0.88 0.29 -0.38   
FT7 -0.95 0.31 0.00    
FC5 -0.87 0.34 0.35    
FC3 -0.66 0.36 0.65    
FC1 -0.36 0.38 0.85    
FCz -0.00 0.38 0.92    
FC2 0.36 0.38 0.85     
FC4 0.66 0.36 0.65     
FC6 0.87 0.34 0.35     
FT8 0.95 0.31 0.00     
FT10 0.88 0.29 -0.38   
T9 -0.92 -0.00 -0.38   
T7 -1.00 0.00 0.00     
C5 -0.92 0.00 0.38     
C3 -0.71 0.00 0.71     
C1 -0.38 0.00 0.92     
Cz -0.00 0.00 1.00     
C2 0.38 0.00 0.92      
C4 0.71 0.00 0.71      
C6 0.92 0.00 0.38      
T8 1.00 0.00 0.00      
T10 0.92 0.00 -0.38    
TP9 -0.88 -0.29 -0.38  
TP7 -0.95 -0.31 -0.00  
CP5 -0.87 -0.34 0.36   
CP3 -0.66 -0.36 0.65   
CP1 -0.36 -0.38 0.85   
CPz -0.00 -0.38 0.92   
CP2 0.36 -0.38 0.85    
CP4 0.66 -0.36 0.65    
CP6 0.87 -0.34 0.36    
TP8 0.95 -0.31 -0.00   
TP10 0.88 -0.29 -0.38  
P9 -0.75 -0.54 -0.38   
P7 -0.81 -0.59 -0.00   
P5 -0.72 -0.63 0.28    
P3 -0.54 -0.67 0.50    
P1 -0.29 -0.70 0.65    
Pz -0.00 -0.71 0.71    
P2 0.29 -0.70 0.65     
P4 0.54 -0.67 0.50     
P6 0.72 -0.63 0.28     
P8 0.81 -0.59 -0.00    
P10 0.75 -0.54 -0.38   
PO9 -0.54 -0.75 -0.38  
PO7 -0.59 -0.81 0.00   
PO5 -0.49 -0.86 0.16   
PO3 -0.35 -0.89 0.28   
PO1 -0.19 -0.92 0.36   
POz -0.00 -0.92 0.38   
PO2 0.19 -0.92 0.36    
PO4 0.35 -0.89 0.28    
PO6 0.49 -0.86 0.16    
PO8 0.59 -0.81 0.00    
PO10 0.54 -0.75 -0.38  
O1 -0.31 -0.95 0.00    
Oz -0.00 -1.00 0.00    
O2 0.31 -0.95 0.00     
I1 -0.29 -0.88 -0.38   
Iz -0.00 -0.92 -0.38   
I2 0.29 -0.88 -0.38    
AFp9h -0.44 0.87 -0.19 
AFp7h -0.41 0.91 0.04  
AFp5h -0.31 0.94 0.12  
AFp3h -0.19 0.97 0.17  
AFp1h -0.06 0.98 0.19  
AFp2h 0.06 0.98 0.19   
AFp4h 0.19 0.97 0.17   
AFp6h 0.31 0.94 0.12   
AFp8h 0.41 0.91 0.04   
AFp10h 0.44 0.87 -0.19 
AFF9h -0.69 0.69 -0.19 
AFF7h -0.67 0.73 0.11  
AFF5h -0.54 0.78 0.32  
AFF3h -0.35 0.81 0.47  
AFF1h -0.12 0.83 0.55  
AFF2h 0.12 0.83 0.55   
AFF4h 0.35 0.81 0.47   
AFF6h 0.54 0.78 0.32   
AFF8h 0.67 0.73 0.11   
AFF10h 0.69 0.69 -0.19 
FFT9h -0.87 0.44 -0.20 
FFT7h -0.86 0.47 0.16  
FFC5h -0.72 0.51 0.47  
FFC3h -0.48 0.54 0.69  
FFC1h -0.17 0.55 0.81  
FFC2h 0.17 0.55 0.81   
FFC4h 0.48 0.54 0.69   
FFC6h 0.72 0.51 0.47   
FFT8h 0.86 0.47 0.16   
FFT10h 0.87 0.44 -0.20 
FTT9h -0.97 0.15 -0.20 
FTT7h -0.97 0.16 0.19  
FCC5h -0.82 0.18 0.54  
FCC3h -0.55 0.19 0.82  
FCC1h -0.19 0.19 0.96  
FCC2h 0.19 0.19 0.96   
FCC4h 0.55 0.19 0.82   
FCC6h 0.82 0.18 0.54   
FTT8h 0.97 0.16 0.19   
FTT10h 0.97 0.15 -0.20 
TTP9h -0.97 -0.15 -0.20
TTP7h -0.97 -0.16 0.19 
CCP5h -0.82 -0.18 0.54 
CCP3h -0.55 -0.19 0.82 
CCP1h -0.19 -0.19 0.96 
CCP2h 0.19 -0.19 0.96  
CCP4h 0.55 -0.19 0.82  
CCP6h 0.82 -0.18 0.54  
TTP8h 0.97 -0.16 0.19  
TTP10h 0.97 -0.15 -0.20
TPP9h -0.87 -0.44 -0.20
TPP7h -0.86 -0.47 0.16 
CPP5h -0.72 -0.51 0.47 
CPP3h -0.48 -0.54 0.69 
CPP1h -0.17 -0.55 0.82 
CPP2h 0.17 -0.55 0.82  
CPP4h 0.48 -0.54 0.69  
CPP6h 0.72 -0.51 0.47  
TPP8h 0.86 -0.47 0.16  
TPP10h 0.87 -0.44 -0.20
PPO9h -0.69 -0.69 -0.20
PPO7h -0.67 -0.73 0.11 
PPO5h -0.54 -0.78 0.32 
PPO3h -0.35 -0.81 0.47 
PPO1h -0.12 -0.83 0.55 
PPO2h 0.12 -0.83 0.55  
PPO4h 0.35 -0.81 0.47  
PPO6h 0.54 -0.78 0.32  
PPO8h 0.67 -0.73 0.11  
PPO10h 0.69 -0.69 -0.20
POO9h -0.44 -0.87 -0.20
POO7h -0.41 -0.91 0.04 
POO5h -0.31 -0.94 0.12 
POO3h -0.19 -0.97 0.17 
POO1h -0.06 -0.98 0.19 
POO2h 0.06 -0.98 0.19  
POO4h 0.19 -0.97 0.17  
POO6h 0.31 -0.94 0.12  
POO8h 0.41 -0.91 0.04  
POO10h 0.44 -0.87 -0.20
OI1h -0.15 -0.97 -0.20 
OI2h 0.15 -0.97 -0.20  
Fp1h -0.16 0.99 0.00   
Fp2h 0.16 0.99 0.00    
AF9h -0.58 0.79 -0.19  
AF7h -0.55 0.83 0.08   
AF5h -0.43 0.88 0.22   
AF3h -0.27 0.91 0.32   
AF1h -0.09 0.92 0.38   
AF2h 0.09 0.92 0.38    
AF4h 0.27 0.91 0.32    
AF6h 0.43 0.88 0.22    
AF8h 0.55 0.83 0.08    
AF10h 0.58 0.79 -0.19  
F9h -0.79 0.58 -0.19   
F7h -0.78 0.61 0.14    
F5h -0.64 0.65 0.40    
F3h -0.42 0.69 0.59    
F1h -0.15 0.70 0.69    
F2h 0.15 0.70 0.69     
F4h 0.42 0.69 0.59     
F6h 0.64 0.65 0.40     
F8h 0.78 0.61 0.14     
F10h 0.79 0.58 -0.19   
FT9h -0.93 0.30 -0.20  
FT7h -0.93 0.32 0.18   
FC5h -0.78 0.35 0.51   
FC3h -0.52 0.37 0.77   
FC1h -0.18 0.38 0.91   
FC2h 0.18 0.38 0.91    
FC4h 0.52 0.37 0.77    
FC6h 0.78 0.35 0.51    
FT8h 0.93 0.32 0.18    
FT10h 0.93 0.30 -0.20  
T9h -0.98 0.00 -0.20   
T7h -0.98 0.00 0.19    
C5h -0.83 0.00 0.56    
C3h -0.56 0.00 0.83    
C1h -0.20 0.00 0.98    
C2h 0.20 0.00 0.98     
C4h 0.56 0.00 0.83     
C6h 0.83 0.00 0.56     
T8h 0.98 0.00 0.19     
T10h 0.98 0.00 -0.20   
TP9h -0.93 -0.30 -0.19 
TP7h -0.93 -0.32 0.18  
CP5h -0.78 -0.35 0.51  
CP3h -0.52 -0.37 0.77  
CP1h -0.18 -0.38 0.91  
CP2h 0.18 -0.38 0.91   
CP4h 0.52 -0.37 0.77   
CP6h 0.78 -0.35 0.51   
TP8h 0.93 -0.32 0.18   
TP10h 0.93 -0.30 -0.19 
P9h -0.79 -0.58 -0.20  
P7h -0.78 -0.61 0.14   
P5h -0.64 -0.65 0.40   
P3h -0.42 -0.69 0.59   
P1h -0.15 -0.70 0.69   
P2h 0.15 -0.70 0.69    
P4h 0.42 -0.69 0.59    
P6h 0.64 -0.65 0.40    
P8h 0.78 -0.61 0.14    
P10h 0.79 -0.58 -0.20  
PO9h -0.58 -0.79 -0.20 
PO7h -0.55 -0.83 0.08  
PO5h -0.43 -0.88 0.22  
PO3h -0.27 -0.91 0.32  
PO1h -0.09 -0.92 0.38  
PO2h 0.09 -0.92 0.38   
PO4h 0.27 -0.91 0.32   
PO6h 0.43 -0.88 0.22   
PO8h 0.55 -0.83 0.08   
PO10h 0.58 -0.79 -0.20 
O1h -0.16 -0.99 0.00   
O2h 0.16 -0.99 0.00    
I1h -0.14 -0.91 -0.38  
I2h 0.14 -0.91 -0.38   
AFp9 -0.42 0.82 -0.38  
AFp7 -0.45 0.89 0.00   
AFp5 -0.36 0.93 0.08   
AFp3 -0.25 0.96 0.14   
AFp1 -0.13 0.97 0.18   
AFpz -0.00 0.98 0.19   
AFp2 0.13 0.97 0.18    
AFp4 0.25 0.96 0.14    
AFp6 0.36 0.93 0.08    
AFp8 0.45 0.89 0.00    
AFp10 0.42 0.82 -0.38  
AFF9 -0.65 0.65 -0.38  
AFF7 -0.71 0.71 0.00   
AFF5 -0.61 0.76 0.22   
AFF3 -0.45 0.80 0.40   
AFF1 -0.24 0.82 0.51   
AFFz -0.00 0.83 0.56   
AFF2 0.24 0.82 0.51    
AFF4 0.45 0.80 0.40    
AFF6 0.61 0.76 0.22    
AFF8 0.71 0.71 0.00    
AFF10 0.65 0.65 -0.38  
FFT9 -0.82 0.42 -0.38  
FFT7 -0.89 0.45 0.00   
FFC5 -0.81 0.49 0.32   
FFC3 -0.61 0.53 0.59   
FFC1 -0.33 0.55 0.77   
FFCz -0.00 0.56 0.83   
FFC2 0.33 0.55 0.77    
FFC4 0.61 0.53 0.59    
FFC6 0.81 0.49 0.32    
FFT8 0.89 0.45 0.00    
FFT10 0.82 0.42 -0.38  
FTT9 -0.91 0.14 -0.38  
FTT7 -0.99 0.16 0.00   
FCC5 -0.91 0.17 0.38   
FCC3 -0.70 0.18 0.69   
FCC1 -0.38 0.19 0.91   
FCCz -0.00 0.20 0.98   
FCC2 0.38 0.19 0.91    
FCC4 0.70 0.18 0.69    
FCC6 0.91 0.17 0.38    
FTT8 0.99 0.16 0.00    
FTT10 0.91 0.14 -0.38  
TTP9 -0.91 -0.14 -0.38 
TTP7 -0.99 -0.16 -0.00 
CCP5 -0.91 -0.17 0.38  
CCP3 -0.70 -0.18 0.69  
CCP1 -0.38 -0.19 0.91  
CCPz -0.00 -0.19 0.98  
CCP2 0.38 -0.19 0.91   
CCP4 0.70 -0.18 0.69   
CCP6 0.91 -0.17 0.38   
TTP8 0.99 -0.16 -0.00  
TTP10 0.91 -0.14 -0.38 
TPP9 -0.82 -0.42 -0.38 
TPP7 -0.89 -0.45 -0.00 
CPP5 -0.81 -0.49 0.32  
CPP3 -0.61 -0.53 0.59  
CPP1 -0.33 -0.55 0.77  
CPPz -0.00 -0.56 0.83  
CPP2 0.33 -0.55 0.77   
CPP4 0.61 -0.53 0.59   
CPP6 0.81 -0.49 0.32   
TPP8 0.89 -0.45 -0.00  
TPP10 0.82 -0.42 -0.38 
PPO9 -0.65 -0.65 -0.38 
PPO7 -0.71 -0.71 0.00  
PPO5 -0.61 -0.76 0.22  
PPO3 -0.45 -0.80 0.40  
PPO1 -0.24 -0.82 0.52  
PPOz -0.00 -0.83 0.56  
PPO2 0.24 -0.82 0.52   
PPO4 0.45 -0.80 0.40   
PPO6 0.61 -0.76 0.22   
PPO8 0.71 -0.71 0.00   
PPO10 0.65 -0.65 -0.38 
POO9 -0.42 -0.82 -0.38 
POO7 -0.45 -0.89 0.00  
POO5 -0.36 -0.93 0.08  
POO3 -0.25 -0.96 0.14  
POO1 -0.13 -0.97 0.18  
POOz -0.00 -0.98 0.19  
POO2 0.13 -0.97 0.18   
POO4 0.25 -0.96 0.14   
POO6 0.36 -0.93 0.08   
POO8 0.45 -0.89 0.00   
POO10 0.42 -0.82 -0.38 
OI1 -0.30 -0.93 -0.19  
OIz -0.00 -0.98 -0.19  
OI2 0.30 -0.93 -0.19   
T3 -1.00 0.00 0.00     
T5 -0.81 -0.59 -0.00   
T4 1.00 0.00 0.00      
T6 0.81 -0.59 -0.00    
