# Equidistant 128 channel electrode setup
# [Refers to BrainProducts equidistant montage no. M14]
# Zero point of z-axis was 7.4 units over vertex. Normalization 
# was performed by adding 8.4 (so that Cz=1).
1 0.00 1.00 0.05    
2 0.00 0.85 0.53    
3 0.00 0.68 0.73    
4 0.00 0.48 0.87    
5 0.00 0.24 0.97    
6 0.00 0.00 1.00    
7 0.00 -0.48 0.87   
8 0.00 -0.85 0.53   
9 0.00 -1.00 0.05   
10 0.00 -0.91 -0.42 
11 -0.31 -0.85 -0.42
12 -0.58 -0.69 -0.42
13 -0.78 -0.45 -0.42
14 -0.89 -0.16 -0.42
15 -0.89 0.16 -0.42 
16 -0.78 0.45 -0.42 
17 -0.58 0.69 -0.42 
18 -0.69 0.69 -0.19 
19 -0.45 0.87 -0.19 
20 -0.31 0.95 0.05  
21 -0.15 0.94 0.31  
22 -0.26 0.81 0.53  
23 -0.28 0.62 0.73  
24 -0.28 0.39 0.87  
25 -0.23 0.07 0.97  
26 -0.14 -0.20 0.97 
27 -0.14 -0.67 0.73 
28 -0.15 -0.94 0.31 
29 -0.15 -0.97 -0.19
30 -0.45 -0.87 -0.19
31 -0.69 -0.69 -0.19
32 -0.87 -0.45 -0.19
33 -0.97 -0.15 -0.19
34 -0.97 0.15 -0.19 
35 -0.87 0.45 -0.19 
36 -0.81 0.59 0.05  
37 -0.59 0.81 0.05  
38 -0.43 0.85 0.31  
39 -0.50 0.69 0.53  
40 -0.51 0.46 0.73  
41 -0.46 0.15 0.87  
42 -0.46 -0.15 0.87 
43 -0.28 -0.39 0.87 
44 -0.26 -0.81 0.53 
45 -0.43 -0.85 0.31 
46 -0.31 -0.95 0.05 
47 -0.59 -0.81 -0.13
48 -0.81 -0.59 0.05 
49 -0.95 -0.31 -0.13
50 -1.00 0.00 0.05  
51 -0.95 0.31 -0.13 
52 -0.85 0.43 0.31  
53 -0.67 0.67 0.31  
54 -0.69 0.50 0.53  
55 -0.65 0.21 0.73  
56 -0.68 -0.07 0.73 
57 -0.59 -0.34 0.73 
58 -0.40 -0.55 0.73 
59 -0.50 -0.69 0.53 
60 -0.67 -0.67 0.31 
61 -0.85 -0.43 0.31 
62 -0.94 -0.15 0.31 
63 -0.94 0.15 0.31  
64 -0.81 0.26 0.53  
65 -0.85 0.00 0.53  
66 -0.81 -0.26 0.53 
67 -0.69 -0.50 0.53 
68 0.31 -0.85 -0.42 
69 0.58 -0.69 -0.42 
70 0.78 -0.45 -0.42 
71 0.89 -0.16 -0.42 
72 0.89 0.16 -0.42  
73 0.78 0.45 -0.42  
74 0.58 0.69 -0.42  
75 0.69 0.69 -0.19  
76 0.45 0.87 -0.19  
77 0.31 0.95 0.05   
78 0.15 0.94 0.31   
79 0.26 0.81 0.53   
80 0.28 0.62 0.73   
81 0.28 0.39 0.87   
82 0.23 0.07 0.97   
83 0.14 -0.20 0.97  
84 0.14 -0.67 0.73  
85 0.14 -0.88 0.45  
86 0.15 -0.97 -0.19 
87 0.45 -0.87 -0.19 
88 0.69 -0.69 -0.19 
89 0.87 -0.45 -0.19 
90 0.97 -0.15 -0.19 
91 0.97 0.15 -0.19  
92 0.87 0.45 -0.19  
93 0.81 0.59 0.05   
94 0.59 0.81 0.05   
95 0.43 0.85 0.31   
96 0.50 0.69 0.53   
97 0.51 0.46 0.73   
98 0.46 0.15 0.87   
99 0.46 -0.15 0.87  
100 0.28 -0.39 0.87 
101 0.26 -0.81 0.53 
102 0.43 -0.85 0.31 
103 0.31 -0.95 0.05 
104 0.59 -0.81 0.05 
105 0.81 -0.59 0.05 
106 0.95 -0.31 0.05 
107 1.00 0.00 0.05  
108 0.95 0.31 0.05  
109 0.85 0.43 0.31  
110 0.67 0.67 0.31  
111 0.69 0.50 0.53  
112 0.65 0.21 0.73  
113 0.68 -0.07 0.73 
114 0.59 -0.34 0.73 
115 0.40 -0.55 0.73 
116 0.50 -0.69 0.53 
117 0.67 -0.67 0.31 
118 0.85 -0.43 0.31 
119 0.94 -0.15 0.31 
120 0.94 0.15 0.31  
121 0.81 0.26 0.53  
122 0.85 0.00 0.53  
123 0.81 -0.26 0.53 
124 0.69 -0.50 0.53 
Gnd 0.16 0.99 -0.07
Ref -0.16 0.99 -0.07 
