# Equidistant 128 channel electrode setup
# [Refers to BrainProducts equidistant montage no. M14]
# Zero point of z-axis was 7.4 units over vertex. Normalization 
# was performed by adding 8.4 (so that Cz=1).
1 0 1 -8.35
2 0 0.85 -7.87
3 0 0.68 -7.67
4 0 0.48 -7.53
5 0 0.24 -7.43
6 0 0 -7.4
7 0 -0.48 -7.53
8 0 -0.85 -7.87
9 0 -1 -8.35
10 0 -0.91 -8.82
11 -0.31 -0.85 -8.82
12 -0.58 -0.69 -8.82
13 -0.78 -0.45 -8.82
14 -0.89 -0.16 -8.82
15 -0.89 0.16 -8.82
16 -0.78 0.45 -8.82
17 -0.58 0.69 -8.82
18 -0.69 0.69 -8.59
19 -0.45 0.87 -8.59
20 -0.31 0.95 -8.35
21 -0.15 0.94 -8.09
22 -0.26 0.81 -7.87
23 -0.28 0.62 -7.67
24 -0.28 0.39 -7.53
25 -0.23 0.07 -7.43
26 -0.14 -0.2 -7.43
27 -0.14 -0.67 -7.67
28 -0.15 -0.94 -8.09
29 -0.15 -0.97 -8.59
30 -0.45 -0.87 -8.59
31 -0.69 -0.69 -8.59
32 -0.87 -0.45 -8.59
33 -0.97 -0.15 -8.59
34 -0.97 0.15 -8.59
35 -0.87 0.45 -8.59
36 -0.81 0.59 -8.35
37 -0.59 0.81 -8.35
38 -0.43 0.85 -8.09
39 -0.5 0.69 -7.87
40 -0.51 0.46 -7.67
41 -0.46 0.15 -7.53
42 -0.46 -0.15 -7.53
43 -0.28 -0.39 -7.53
44 -0.26 -0.81 -7.87
45 -0.43 -0.85 -8.09
46 -0.31 -0.95 -8.35
47 -0.59 -0.81 -8.53
48 -0.81 -0.59 -8.35
49 -0.95 -0.31 -8.53
50 -1 0 -8.35
51 -0.95 0.31 -8.53
52 -0.85 0.43 -8.09
53 -0.67 0.67 -8.09
54 -0.69 0.5 -7.87
55 -0.65 0.21 -7.67
56 -0.68 -0.07 -7.67
57 -0.59 -0.34 -7.67
58 -0.4 -0.55 -7.67
59 -0.5 -0.69 -7.87
60 -0.67 -0.67 -8.09
61 -0.85 -0.43 -8.09
62 -0.94 -0.15 -8.09
63 -0.94 0.15 -8.09
64 -0.81 0.26 -7.87
65 -0.85 0 -7.87
66 -0.81 -0.26 -7.87
67 -0.69 -0.5 -7.87
68 0.31 -0.85 -8.82
69 0.58 -0.69 -8.82
70 0.78 -0.45 -8.82
71 0.89 -0.16 -8.82
72 0.89 0.16 -8.82
73 0.78 0.45 -8.82
74 0.58 0.69 -8.82
75 0.69 0.69 -8.59
76 0.45 0.87 -8.59
77 0.31 0.95 -8.35
78 0.15 0.94 -8.09
79 0.26 0.81 -7.87
80 0.28 0.62 -7.67
81 0.28 0.39 -7.53
82 0.23 0.07 -7.43
83 0.14 -0.2 -7.43
84 0.14 -0.67 -7.67
85 0.14 -0.88 -7.95
86 0.15 -0.97 -8.59
87 0.45 -0.87 -8.59
88 0.69 -0.69 -8.59
89 0.87 -0.45 -8.59
90 0.97 -0.15 -8.59
91 0.97 0.15 -8.59
92 0.87 0.45 -8.59
93 0.81 0.59 -8.35
94 0.59 0.81 -8.35
95 0.43 0.85 -8.09
96 0.5 0.69 -7.87
97 0.51 0.46 -7.67
98 0.46 0.15 -7.53
99 0.46 -0.15 -7.53
100 0.28 -0.39 -7.53
101 0.26 -0.81 -7.87
102 0.43 -0.85 -8.09
103 0.31 -0.95 -8.35
104 0.59 -0.81 -8.35
105 0.81 -0.59 -8.35
106 0.95 -0.31 -8.35
107 1 0 -8.35
108 0.95 0.31 -8.35
109 0.85 0.43 -8.09
110 0.67 0.67 -8.09
111 0.69 0.5 -7.87
112 0.65 0.21 -7.67
113 0.68 -0.07 -7.67
114 0.59 -0.34 -7.67
115 0.4 -0.55 -7.67
116 0.5 -0.69 -7.87
117 0.67 -0.67 -8.09
118 0.85 -0.43 -8.09
119 0.94 -0.15 -8.09
120 0.94 0.15 -8.09
121 0.81 0.26 -7.87
122 0.85 0 -7.87
123 0.81 -0.26 -7.87
124 0.69 -0.5 -7.87
Gnd -0.16 0.99 -8.47
Ref 0.16 0.99 -8.47


