0 1
0 1
406 1
0 1
11 1
0 1
0 1
40 1
0 3
99 1
0 3
55 1
0 1
2 1
0 3
3 3
7 3
6 3
12 3
5 3
1 3
0 3
0 1
166 1
0 1
0 1
5 1
0 3
5 1
0 3
83 1
0 1
0 1
8 1
0 3
10 1
0 3
68 1
0 1
0 1
15 1
0 1
1 1
61 1
1 1
0 1
0 1
6 1
0 3
2010 1
1 1
68893 3
0 3
0 3
0 3
0 3
0 1
0 3
0 3
0 3
0 3
6 4
77 3
9 1
1 3
8 3
11 3
8 3
0 3
0 3
0 3
0 3
0 3
0 3
1 3
0 3
0 3
0 3
0 3
0 3
0 3
0 3
9 3
215 4
2 1
0 1
0 1
1 1
0 1
77 4
14 3
0 3
0 3
0 3
0 3
0 3
0 3
1 3
0 3
0 3
0 3
0 3
0 3
11 1
0 1
0 1
0 1
17 3
0 3
0 3
0 3
0 3
8 1
14 1
0 1
1 1
37 1
0 1
0 1
1 1
12 1
0 1
0 1
0 1
9 3
0 3
0 3
0 3
0 3
54 1
4 3
0 3
0 3
0 3
0 3
8 1
0 1
4 3
7 1
16 1
1 3
1 3
6 1
3 3
43 1
0 1
0 1
0 1
12 3
93 2
22 3
2 3
182 1
21 3
1 3
169 1
58 3
1 3
84 2
35 1
0 2
7 2
132 1
1 3
54 1
3 3
82 1
0 2
28 2
212 1
0 1
2 3
113 1
0 1
7 3
92 3
0 3
9 3
2 3
22 1
0 1
16 3
17 3
10 3
5 3
1 3
2 3
0 3
4 1
16 4
4 1
9 3
4 4
1 3
65 3
14 3
14 2
27 2
0 1
48 3
2 3
10 3
2 1
4 1
12 1
3 3
43 3
2 3
2 1
16 4
23 3
1 3
0 3
34 3
0 3
0 3
84 1
12 1
51 4
0 3
0 3
0 1
19 3
0 1
21 4
42 4
1 1
0 1
14 1
38 1
58 3
12 3
2 3
69 3
2 3
35 4
3 3
2 4
1 3
46 4
4 4
0 3
3 3
35 3
48 4
2 1
22 4
2 1
6 3
10 3
8 3
22 3
2 3
1 1
0 1
17 4
4 3
0 3
1 3
175 4
1 3
0 3
0 1
1 3
0 1
24 1
71 3
1 3
18 1
0 1
9 3
1 3
11 3
0 2
10 3
7 3
35 3
2 3
21 3
1 3
231 3
69 3
48 3
65 3
211 3
0 3
1 3
0 1
0 1
0 3
0 1
4 1
0 1
31 1
0 1
14 1
0 3
1 3
31 3
9 3
9 3
3 3
17 3
1 3
2 3
7 3
6 3
1 3
1 3
1 3
2 2
22 2
0 1
0 1
0 1
0 1
1 2
5 3
6 3
6 2
11 3
1 3
2 1
14 3
1 3
0 3
2 4
1480 4
1 3
0 1
1 1
5 1
0 1
0 2
1 2
9 1
109 3
0 1
5561 1
40 3
82 1
2 1
0 1
410 1
132 1
0 1
96 1
360 3
274 3
7 3
266 4
4 1
1 4
1 1
15 3
5 3
15 3
1 3
4 3
0 1
0 3
1 3
4 1
8 1
0 1
0 1
0 1
0 1
0 1
14 1
1 3
163 1
6 3
515 3
2 1
16 4
129 4
1 3
0 3
0 1
1 3
0 1
41 1
99 3
3 3
21 1
0 1
1 3
273 3
1 3
739 4
3 1
0 1
4 4
2 1
12 1
0 1
0 1
0 1
15 3
1 3
58 1
0 1
6 3
179 3
6 3
2 3
2 3
15 3
13 3
0 3
196 3
1 3
8 3
144 2
78 2
189 2
0 2
179 1
1 3
35 2
0 2
20 1
0 2
3 3
25 2
21 2
0 2
0 1
0 2
64 3
3 3
10 2
43 2
30 2
63 2
37 2
5 2
0 2
0 2
108 2
0 2
30 2
3 3
1 3
93 2
78 2
0 2
49 3
1 3
180 3
69 3
1 3
18 3
1 3
26 2
60 2
0 3
66 3
2 3
108 2
2 3
2 3
1 3
5 3
8 3
6 3
34 2
56 3
1 3
4 3
0 2
0 2
2 3
8 3
4 3
14 2
26 3
2 3
9 2
0 2
99 3
2 3
34 2
83 3
1 3
108 3
4 3
14 3
5 3
53 3
6 3
62 3
1 3
16 2
10 3
2 3
27 3
2 3
51 3
1 3
8 3
1 3
14 3
1 3
21 3
6 3
34 3
1 3
23 3
1 3
8 3
1 3
9 3
1 3
47 2
0 2
5 2
0 2
0 2
36 3
4 3
15 3
1 3
9 3
1 3
8 3
2 3
4 2
20 3
1 3
15 3
2 3
9 3
1 3
21 2
8 3
13 3
18 2
0 2
0 3
2 3
10 3
3 3
34 3
1 3
8 3
5 3
33 3
1 3
15 1
1 3
5 2
4 3
1 3
16 3
2 1
3 3
3 3
9 1
0 2
5 2
10 3
1 3
10 3
11 3
2 3
1 3
15 3
2 3
30 3
3 3
20 3
1 3
25 3
2 3
8 3
1 3
16 3
3 3
188 3
1 3
15 2
4 3
2 3
80 3
1 3
10 3
2 3
18 3
1 3
4 3
1 3
164 3
0 1
3 3
1 3
61 3
1 3
16 3
2 3
16 3
2 3
8 3
1 3
9 3
4 3
53 3
3 3
1 3
1 3
8 3
1 3
125 3
7 3
27 3
2 3
12 1
0 2
5 3
3 3
4 1
4 3
29 2
15 3
1 3
16 3
2 3
9 3
2 3
15 3
2 3
17 3
1 3
23 2
3 3
21 3
2 3
17 3
2 3
8 3
1 3
28 3
53 3
1 3
134 2
0 2
1 2
4 2
23 2
152 3
1 3
14 3
80 3
4 3
16 3
3 3
8 3
1 3
2 3
6 3
3 3
19 3
5 3
13 1
2 3
3 3
0 3
4 2
33 1
1 3
1 3
5 1
1 3
8 1
0 2
0 1
2 3
3 3
7 2
10 3
1 3
6 1
2 1
16 3
1 3
7 3
3 1
0 3
7 1
18 3
1 3
9 3
1 3
10 3
1 3
20 3
28 2
5 1
0 1
0 2
15 1
1 2
0 3
4 3
6 3
35 3
5 3
4 2
36 3
5 3
9 3
3 3
9 3
1 3
10 3
3 3
2 3
6 3
30 3
1 3
13 3
3 3
39 3
3 3
8 3
1 3
24 3
1 3
9 3
3 3
8 3
2 3
45 3
1 3
9 3
2 3
62 3
1 3
31 3
2 3
5 2
76 3
4 3
16 3
1 3
84 3
2 3
11 2
8 2
0 2
0 2
1 2
0 2
62 2
51 3
1 3
4 2
6 2
75 3
4 3
9 3
7 3
8 3
2 3
14 3
8 3
14 2
50 3
1 3
17 3
3 3
33 3
3 3
33 3
4 3
14 3
5 3
28 3
2 3
21 3
8 3
28 3
4 3
9 3
1 3
24 3
5 3
9 3
1 3
20 3
1 3
13 3
13 3
33 3
1 3
8 3
1 3
5 3
1 3
90 2
0 2
0 2
1 2
3 3
0 3
8 3
2 3
64 3
2 3
31 3
3 3
9 3
3 3
9 3
13 3
8 3
3 3
9 3
8 3
26 3
1 3
16 3
4 3
16 3
2 3
26 3
1 3
26 3
1 3
8 3
6 3
18 3
1 3
10 3
3 3
23 3
5 3
9 3
5 3
0 3
8 3
2 3
1 3
17 3
10 3
8 3
5 3
5 3
4 3
8 3
2 3
8 3
1 3
11 3
3 3
1 3
3 3
8 3
1 3
7 2
8 3
0 3
1 3
1 3
6 3
3 3
1 3
1 3
7 3
2 3
25 3
2 3
24 3
2 3
17 3
4 3
9 3
2 3
11 1
2 3
5 3
1 3
8 3
1 3
9 3
6 3
57 3
1 3
17 3
2 3
9 3
4 3
21 3
0 3
1 3
800 2
0 1
43 3
13 2
0 3
3 3
2 3
82 2
67 2
31 2
75 3
1 3
47 3
2 3
132 3
3 3
68 3
4 3
9 3
1 3
9 3
2 3
14 3
1 3
14 3
1 3
14 3
1 3
17 3
5 3
8 3
4 3
8 3
2 3
8 3
4 3
9 3
2 3
8 3
1 3
21 3
2 3
25 3
4 3
17 3
9 3
23 3
7 3
60 3
3 3
27 3
2 3
28 3
1 3
26 2
38 2
0 2
3 3
2 3
16 3
5 3
5 2
30 3
1 3
17 3
1 3
7 2
2 3
11 3
29 3
3 3
64 3
3 3
6 2
10 3
1 3
17 1
0 1
0 1
0 3
43 2
0 1
0 1
14 3
43 2
0 2
1 2
6 3
0 3
587 1
0 1
5 3
1 1
4 1
1 1
0 1
0 1
14 4
3 4
0 4
5 4
8 4
0 4
