1 2.538130e+01 -7.717810e-01 001
2 2.538130e+01 -7.717810e-01 002
3 2.271537e+01 -7.332460e-01 003
4 2.271537e+01 -7.332460e-01 004
5 1.991114e+01 -6.087480e-01 005
6 1.991114e+01 -6.087480e-01 006
7 2.448110e+01 4.347077e+00 007
8 2.448110e+01 4.347077e+00 008
9 2.196730e+01 3.613717e+00 009
10 2.196730e+01 3.613717e+00 010
11 1.934596e+01 3.110359e+00 011
12 1.934596e+01 3.110359e+00 012
13 1.670659e+01 2.875744e+00 013
14 1.670659e+01 2.875744e+00 014
15 1.409047e+01 2.753697e+00 015
16 1.409047e+01 2.753697e+00 016
17 1.956000e+01 7.243332e+00 017
18 1.956000e+01 7.243332e+00 018
19 1.694298e+01 6.237191e+00 019
20 1.694298e+01 6.237191e+00 020
21 1.420477e+01 5.792745e+00 021
22 1.420477e+01 5.792745e+00 022
23 1.150000e+01 5.704290e+00 023
24 1.150000e+01 5.704290e+00 024
25 1.666251e+01 9.878430e+00 025
26 1.666251e+01 9.878430e+00 026
27 1.346634e+01 1.186000e+01 027
28 1.346634e+01 1.186000e+01 028
29 1.345037e+01 8.807222e+00 029
30 1.345037e+01 8.807222e+00 030
31 9.533661e+00 1.186000e+01 031
32 9.533661e+00 1.186000e+01 032
33 9.549630e+00 8.807222e+00 033
34 9.549630e+00 8.807222e+00 034
35 6.337486e+00 9.878430e+00 035
36 6.337486e+00 9.878430e+00 036
37 3.440005e+00 7.243332e+00 037
38 3.440005e+00 7.243332e+00 038
39 6.057021e+00 6.237192e+00 039
40 6.057021e+00 6.237192e+00 040
41 8.795226e+00 5.792745e+00 041
42 8.795226e+00 5.792745e+00 042
43 -1.481102e+00 4.347078e+00 043
44 -1.481102e+00 4.347078e+00 044
45 1.032700e+00 3.613581e+00 045
46 1.032700e+00 3.613581e+00 046
47 3.654042e+00 3.110360e+00 047
48 3.654042e+00 3.110360e+00 048
49 6.293412e+00 2.875744e+00 049
50 6.293412e+00 2.875744e+00 050
51 8.909530e+00 2.753697e+00 051
52 8.909530e+00 2.753697e+00 052
53 1.150000e+01 2.731327e+00 053
54 1.150000e+01 2.731327e+00 054
55 -2.381295e+00 -7.717810e-01 055
56 -2.381295e+00 -7.717810e-01 056
57 2.846280e-01 -7.332460e-01 057
58 2.846280e-01 -7.332460e-01 058
59 3.088857e+00 -6.087480e-01 059
60 3.088857e+00 -6.087480e-01 060
61 5.895393e+00 -5.214290e-01 061
62 5.895393e+00 -5.214290e-01 062
63 8.696664e+00 -4.814880e-01 063
64 8.696664e+00 -4.814880e-01 064
65 1.150000e+01 -4.631400e-01 065
66 1.150000e+01 -4.631400e-01 066
67 -1.590015e+00 -6.177621e+00 067
68 -1.590015e+00 -6.177621e+00 068
69 8.938530e-01 -5.313065e+00 069
70 8.938530e-01 -5.313065e+00 070
71 3.788197e+00 -4.494587e+00 071
72 3.788197e+00 -4.494587e+00 072
73 6.749538e+00 -3.954580e+00 073
74 6.749538e+00 -3.954580e+00 074
75 1.096738e+00 -1.089484e+01 075
76 1.096738e+00 -1.089484e+01 076
77 3.402274e+00 -9.346367e+00 077
78 3.402274e+00 -9.346367e+00 078
79 6.182132e+00 -8.131419e+00 079
80 6.182132e+00 -8.131419e+00 080
81 6.102499e+00 -1.540905e+01 081
82 6.102499e+00 -1.540905e+01 082
83 6.914234e+00 -1.240612e+01 083
84 6.914234e+00 -1.240612e+01 084
85 9.307503e+00 -1.064401e+01 085
86 9.307503e+00 -1.064401e+01 086
87 9.660984e+00 -7.199067e+00 087
88 9.660984e+00 -7.199067e+00 088
89 9.807536e+00 -3.822648e+00 089
90 9.807536e+00 -3.822648e+00 090
91 1.150000e+01 -1.625992e+01 091
92 1.150000e+01 -1.625992e+01 092
93 1.150000e+01 -1.309716e+01 093
94 1.150000e+01 -1.309716e+01 094
95 1.369250e+01 -1.064401e+01 095
96 1.369250e+01 -1.064401e+01 096
97 1.333902e+01 -7.199067e+00 097
98 1.333902e+01 -7.199067e+00 098
99 1.319246e+01 -3.822648e+00 099
100 1.319246e+01 -3.822648e+00 100
101 1.689750e+01 -1.540905e+01 101
102 1.689750e+01 -1.540905e+01 102
103 1.608577e+01 -1.240612e+01 103
104 1.608577e+01 -1.240612e+01 104
105 2.190326e+01 -1.089484e+01 105
106 2.190326e+01 -1.089484e+01 106
107 1.959773e+01 -9.346367e+00 107
108 1.959773e+01 -9.346367e+00 108
109 1.681787e+01 -8.131419e+00 109
110 1.681787e+01 -8.131419e+00 110
111 2.459002e+01 -6.177621e+00 111
112 2.459002e+01 -6.177621e+00 112
113 2.210615e+01 -5.313065e+00 113
114 2.210615e+01 -5.313065e+00 114
115 1.921180e+01 -4.494588e+00 115
116 1.921180e+01 -4.494588e+00 116
117 1.625046e+01 -3.954580e+00 117
118 1.625046e+01 -3.954580e+00 118
119 1.710461e+01 -5.214290e-01 119
120 1.710461e+01 -5.214290e-01 120
121 1.430334e+01 -4.814880e-01 121
122 1.430334e+01 -4.814880e-01 122
