1 -4.134388e+01 1.713531e+01 0113
2 -4.134388e+01 1.713531e+01 0112
3 -4.134388e+01 1.713531e+01 0111
4 -3.389939e+01 1.998848e+01 0122
5 -3.389939e+01 1.998848e+01 0123
6 -3.389939e+01 1.998848e+01 0121
7 -3.842887e+01 9.101541e+00 0132
8 -3.842887e+01 9.101541e+00 0133
9 -3.842887e+01 9.101541e+00 0131
10 -4.525983e+01 3.426279e+00 0143
11 -4.525983e+01 3.426279e+00 0142
12 -4.525983e+01 3.426279e+00 0141
13 -3.225206e+01 8.042145e+00 0213
14 -3.225206e+01 8.042145e+00 0212
15 -3.225206e+01 8.042145e+00 0211
16 -2.570397e+01 8.384077e+00 0222
17 -2.570397e+01 8.384077e+00 0223
18 -2.570397e+01 8.384077e+00 0221
19 -2.720315e+01 -1.260760e+00 0232
20 -2.720315e+01 -1.260760e+00 0233
21 -2.720315e+01 -1.260760e+00 0231
22 -3.370725e+01 -2.811888e+00 0243
23 -3.370725e+01 -2.811888e+00 0242
24 -3.370725e+01 -2.811888e+00 0241
25 -2.313379e+01 2.468068e+01 0313
26 -2.313379e+01 2.468068e+01 0312
27 -2.313379e+01 2.468068e+01 0311
28 -2.210439e+01 1.668167e+01 0322
29 -2.210439e+01 1.668167e+01 0323
30 -2.210439e+01 1.668167e+01 0321
31 -1.645491e+01 1.459205e+01 0333
32 -1.645491e+01 1.459205e+01 0332
33 -1.645491e+01 1.459205e+01 0331
34 -2.863198e+01 1.731289e+01 0343
35 -2.863198e+01 1.731289e+01 0342
36 -2.863198e+01 1.731289e+01 0341
37 -1.934935e+01 7.331513e+00 0413
38 -1.934935e+01 7.331513e+00 0412
39 -1.934935e+01 7.331513e+00 0411
40 -1.284053e+01 6.435929e+00 0422
41 -1.284053e+01 6.435929e+00 0423
42 -1.284053e+01 6.435929e+00 0421
43 -1.331326e+01 -1.166925e+00 0432
44 -1.331326e+01 -1.166925e+00 0433
45 -1.331326e+01 -1.166925e+00 0431
46 -2.032341e+01 -9.757660e-01 0443
47 -2.032341e+01 -9.757660e-01 0442
48 -2.032341e+01 -9.757660e-01 0441
49 -1.662202e+01 2.904864e+01 0513
50 -1.662202e+01 2.904864e+01 0512
51 -1.662202e+01 2.904864e+01 0511
52 -9.840240e+00 3.136186e+01 0523
53 -9.840240e+00 3.136186e+01 0522
54 -9.840240e+00 3.136186e+01 0521
55 -9.354839e+00 2.576345e+01 0532
56 -9.354839e+00 2.576345e+01 0533
57 -9.354839e+00 2.576345e+01 0531
58 -1.625748e+01 2.277554e+01 0542
59 -1.625748e+01 2.277554e+01 0543
60 -1.625748e+01 2.277554e+01 0541
61 -9.433110e+00 1.965544e+01 0613
62 -9.433110e+00 1.965544e+01 0612
63 -9.433110e+00 1.965544e+01 0611
64 -2.982216e+00 1.371495e+01 0622
65 -2.982216e+00 1.371495e+01 0623
66 -2.982216e+00 1.371495e+01 0621
67 -6.319260e+00 6.838070e+00 0633
68 -6.319260e+00 6.838070e+00 0632
69 -6.319260e+00 6.838070e+00 0631
70 -9.608440e+00 1.340842e+01 0642
71 -9.608440e+00 1.340842e+01 0643
72 -9.608440e+00 1.340842e+01 0641
73 -6.401140e+00 -2.289680e-01 0713
74 -6.401140e+00 -2.289680e-01 0712
75 -6.401140e+00 -2.289680e-01 0711
76 4.191870e-01 -2.291930e-01 0723
77 4.191870e-01 -2.291930e-01 0722
78 4.191870e-01 -2.291930e-01 0721
79 4.926020e-01 -6.875143e+00 0733
80 4.926020e-01 -6.875143e+00 0732
81 4.926020e-01 -6.875143e+00 0731
82 -6.475489e+00 -6.952382e+00 0743
83 -6.475489e+00 -6.952382e+00 0742
84 -6.475489e+00 -6.952382e+00 0741
85 -2.979640e+00 3.211039e+01 0813
86 -2.979640e+00 3.211039e+01 0812
87 -2.979640e+00 3.211039e+01 0811
88 -2.981278e+00 2.648485e+01 0822
89 -2.981278e+00 2.648485e+01 0823
90 -2.981278e+00 2.648485e+01 0821
91 3.823875e+00 3.138289e+01 0913
92 3.823875e+00 3.138289e+01 0912
93 3.823875e+00 3.138289e+01 0911
94 1.065390e+01 2.904773e+01 0923
95 1.065390e+01 2.904773e+01 0922
96 1.065390e+01 2.904773e+01 0921
97 1.024096e+01 2.275846e+01 0932
98 1.024096e+01 2.275846e+01 0933
99 1.024096e+01 2.275846e+01 0931
100 3.372721e+00 2.573694e+01 0942
101 3.372721e+00 2.573694e+01 0943
102 3.372721e+00 2.573694e+01 0941
103 -2.982149e+00 2.045496e+01 1013
104 -2.982149e+00 2.045496e+01 1012
105 -2.982149e+00 2.045496e+01 1011
106 3.433111e+00 1.965544e+01 1023
107 3.433111e+00 1.965544e+01 1022
108 3.433111e+00 1.965544e+01 1021
109 3.605908e+00 1.338121e+01 1032
110 3.605908e+00 1.338121e+01 1033
111 3.605908e+00 1.338121e+01 1031
112 3.205530e-01 6.884171e+00 1043
113 3.205530e-01 6.884171e+00 1042
114 3.205530e-01 6.884171e+00 1041
115 6.816559e+00 6.431144e+00 1112
116 6.816559e+00 6.431144e+00 1113
117 6.816559e+00 6.431144e+00 1111
118 1.334993e+01 7.319709e+00 1123
119 1.334993e+01 7.319709e+00 1122
120 1.334993e+01 7.319709e+00 1121
121 1.431183e+01 -9.995430e-01 1133
122 1.431183e+01 -9.995430e-01 1132
123 1.431183e+01 -9.995430e-01 1131
124 7.271111e+00 -1.099651e+00 1142
125 7.271111e+00 -1.099651e+00 1143
126 7.271111e+00 -1.099651e+00 1141
127 1.717985e+01 2.465618e+01 1213
128 1.717985e+01 2.465618e+01 1212
129 1.717985e+01 2.465618e+01 1211
130 2.260665e+01 1.732334e+01 1223
131 2.260665e+01 1.732334e+01 1222
132 2.260665e+01 1.732334e+01 1221
133 1.610439e+01 1.668167e+01 1232
134 1.610439e+01 1.668167e+01 1233
135 1.610439e+01 1.668167e+01 1231
136 1.039292e+01 1.458632e+01 1243
137 1.039292e+01 1.458632e+01 1242
138 1.039292e+01 1.458632e+01 1241
139 1.969819e+01 8.408307e+00 1312
140 1.969819e+01 8.408307e+00 1313
141 1.969819e+01 8.408307e+00 1311
142 2.623478e+01 8.035923e+00 1323
143 2.623478e+01 8.035923e+00 1322
144 2.623478e+01 8.035923e+00 1321
145 2.776352e+01 -2.812459e+00 1333
146 2.776352e+01 -2.812459e+00 1332
147 2.776352e+01 -2.812459e+00 1331
148 2.116148e+01 -1.261672e+00 1342
149 2.116148e+01 -1.261672e+00 1343
150 2.116148e+01 -1.261672e+00 1341
151 2.796983e+01 2.000403e+01 1412
152 2.796983e+01 2.000403e+01 1413
153 2.796983e+01 2.000403e+01 1411
154 3.521428e+01 1.729839e+01 1423
155 3.521428e+01 1.729839e+01 1422
156 3.521428e+01 1.729839e+01 1421
157 3.919765e+01 3.422953e+00 1433
158 3.919765e+01 3.422953e+00 1432
159 3.919765e+01 3.422953e+00 1431
160 3.237491e+01 9.066833e+00 1442
161 3.237491e+01 9.066833e+00 1443
162 3.237491e+01 9.066833e+00 1441
163 -4.023476e+01 -3.595140e+00 1512
164 -4.023476e+01 -3.595140e+00 1513
165 -4.023476e+01 -3.595140e+00 1511
166 -3.810759e+01 -1.492747e+01 1522
167 -3.810759e+01 -1.492747e+01 1523
168 -3.810759e+01 -1.492747e+01 1521
169 -4.037301e+01 -2.309248e+01 1533
170 -4.037301e+01 -2.309248e+01 1532
171 -4.037301e+01 -2.309248e+01 1531
172 -4.492003e+01 -1.054644e+01 1543
173 -4.492003e+01 -1.054644e+01 1542
174 -4.492003e+01 -1.054644e+01 1541
175 -3.238979e+01 -1.229659e+01 1613
176 -3.238979e+01 -1.229659e+01 1612
177 -3.238979e+01 -1.229659e+01 1611
178 -2.625779e+01 -1.002458e+01 1622
179 -2.625779e+01 -1.002458e+01 1623
180 -2.625779e+01 -1.002458e+01 1621
181 -2.201726e+01 -1.779172e+01 1632
182 -2.201726e+01 -1.779172e+01 1633
183 -2.201726e+01 -1.779172e+01 1631
184 -2.793323e+01 -2.092640e+01 1643
185 -2.793323e+01 -2.092640e+01 1642
186 -2.793323e+01 -2.092640e+01 1641
187 -3.230943e+01 -3.331743e+01 1713
188 -3.230943e+01 -3.331743e+01 1712
189 -3.230943e+01 -3.331743e+01 1711
190 -3.254940e+01 -2.515110e+01 1722
191 -3.254940e+01 -2.515110e+01 1723
192 -3.254940e+01 -2.515110e+01 1721
193 -2.422860e+01 -3.289857e+01 1732
194 -2.422860e+01 -3.289857e+01 1733
195 -2.422860e+01 -3.289857e+01 1731
196 -2.174620e+01 -4.060578e+01 1743
197 -2.174620e+01 -4.060578e+01 1742
198 -2.174620e+01 -4.060578e+01 1741
199 -1.980505e+01 -8.636191e+00 1813
200 -1.980505e+01 -8.636191e+00 1812
201 -1.980505e+01 -8.636191e+00 1811
202 -1.316060e+01 -7.933366e+00 1822
203 -1.316060e+01 -7.933366e+00 1823
204 -1.316060e+01 -7.933366e+00 1821
205 -6.582014e+00 -1.322626e+01 1832
206 -6.582014e+00 -1.322626e+01 1833
207 -6.582014e+00 -1.322626e+01 1831
208 -1.470657e+01 -1.579713e+01 1843
209 -1.470657e+01 -1.579713e+01 1842
210 -1.470657e+01 -1.579713e+01 1841
211 -1.546379e+01 -2.341877e+01 1912
212 -1.546379e+01 -2.341877e+01 1913
213 -1.546379e+01 -2.341877e+01 1911
214 -1.252619e+01 -3.187477e+01 1923
215 -1.252619e+01 -3.187477e+01 1922
216 -1.252619e+01 -3.187477e+01 1921
217 -1.414033e+01 -3.787304e+01 1932
218 -1.414033e+01 -3.787304e+01 1933
219 -1.414033e+01 -3.787304e+01 1931
220 -2.105856e+01 -2.760026e+01 1943
221 -2.105856e+01 -2.760026e+01 1942
222 -2.105856e+01 -2.760026e+01 1941
223 -7.026748e+00 -1.984100e+01 2013
224 -7.026748e+00 -1.984100e+01 2012
225 -7.026748e+00 -1.984100e+01 2011
226 1.027962e+00 -1.986787e+01 2023
227 1.027962e+00 -1.986787e+01 2022
228 1.027962e+00 -1.986787e+01 2021
229 1.152229e+00 -2.638147e+01 2032
230 1.152229e+00 -2.638147e+01 2033
231 1.152229e+00 -2.638147e+01 2031
232 -7.176284e+00 -2.637853e+01 2042
233 -7.176284e+00 -2.637853e+01 2043
234 -7.176284e+00 -2.637853e+01 2041
235 -3 -3.323114e+01 2113
236 -3 -3.323114e+01 2112
237 -3 -3.323114e+01 2111
238 -3 -3.951576e+01 2122
239 -3 -3.951576e+01 2123
240 -3 -3.951576e+01 2121
241 3.487267e+00 -4.440009e+01 2133
242 3.487267e+00 -4.440009e+01 2132
243 3.487267e+00 -4.440009e+01 2131
244 -9.526498e+00 -4.440698e+01 2143
245 -9.526498e+00 -4.440698e+01 2142
246 -9.526498e+00 -4.440698e+01 2141
247 7.136878e+00 -7.911561e+00 2212
248 7.136878e+00 -7.911561e+00 2213
249 7.136878e+00 -7.911561e+00 2211
250 1.378700e+01 -8.565530e+00 2223
251 1.378700e+01 -8.565530e+00 2222
252 1.378700e+01 -8.565530e+00 2221
253 8.728618e+00 -1.581930e+01 2233
254 8.728618e+00 -1.581930e+01 2232
255 8.728618e+00 -1.581930e+01 2231
256 6.045750e-01 -1.323450e+01 2242
257 6.045750e-01 -1.323450e+01 2243
258 6.045750e-01 -1.323450e+01 2241
259 9.463793e+00 -2.341877e+01 2312
260 9.463793e+00 -2.341877e+01 2313
261 9.463793e+00 -2.341877e+01 2311
262 1.505578e+01 -2.755701e+01 2323
263 1.505578e+01 -2.755701e+01 2322
264 1.505578e+01 -2.755701e+01 2321
265 8.104869e+00 -3.786731e+01 2332
266 8.104869e+00 -3.786731e+01 2333
267 8.104869e+00 -3.786731e+01 2331
268 6.460749e+00 -3.187663e+01 2343
269 6.460749e+00 -3.187663e+01 2342
270 6.460749e+00 -3.187663e+01 2341
271 2.025119e+01 -9.973596e+00 2412
272 2.025119e+01 -9.973596e+00 2413
273 2.025119e+01 -9.973596e+00 2411
274 2.636212e+01 -1.225851e+01 2423
275 2.636212e+01 -1.225851e+01 2422
276 2.636212e+01 -1.225851e+01 2421
277 2.193132e+01 -2.089620e+01 2433
278 2.193132e+01 -2.089620e+01 2432
279 2.193132e+01 -2.089620e+01 2431
280 1.600875e+01 -1.780922e+01 2442
281 1.600875e+01 -1.780922e+01 2443
282 1.600875e+01 -1.780922e+01 2441
283 1.814857e+01 -3.291367e+01 2512
284 1.814857e+01 -3.291367e+01 2513
285 1.814857e+01 -3.291367e+01 2511
286 2.650268e+01 -2.514955e+01 2522
287 2.650268e+01 -2.514955e+01 2523
288 2.650268e+01 -2.514955e+01 2521
289 2.625992e+01 -3.334466e+01 2533
290 2.625992e+01 -3.334466e+01 2532
291 2.625992e+01 -3.334466e+01 2531
292 1.571685e+01 -4.062407e+01 2543
293 1.571685e+01 -4.062407e+01 2542
294 1.571685e+01 -4.062407e+01 2541
295 3.416788e+01 -3.628375e+00 2612
296 3.416788e+01 -3.628375e+00 2613
297 3.416788e+01 -3.628375e+00 2611
298 3.885577e+01 -1.057331e+01 2623
299 3.885577e+01 -1.057331e+01 2622
300 3.885577e+01 -1.057331e+01 2621
301 3.433583e+01 -2.307201e+01 2633
302 3.433583e+01 -2.307201e+01 2632
303 3.433583e+01 -2.307201e+01 2631
304 3.204519e+01 -1.493983e+01 2642
305 3.204519e+01 -1.493983e+01 2643
306 3.204519e+01 -1.493983e+01 2641
