113
112
111
122
123
121
132
133
131
143
142
141
213
212
211
222
223
221
232
233
231
243
242
241
313
312
311
322
323
321
333
332
331
343
342
341
413
412
411
422
423
421
432
433
431
443
442
441
513
512
511
523
522
521
532
533
531
542
543
541
613
612
611
622
623
621
633
632
631
642
643
641
713
712
711
723
722
721
733
732
731
743
742
741
813
812
811
822
823
821
913
912
911
923
922
921
932
933
931
942
943
941
1013
1012
1011
1023
1022
1021
1032
1033
1031
1043
1042
1041
1112
1113
1111
1123
1122
1121
1133
1132
1131
1142
1143
1141
1213
1212
1211
1223
1222
1221
1232
1233
1231
1243
1242
1241
1312
1313
1311
1323
1322
1321
1333
1332
1331
1342
1343
1341
1412
1413
1411
1423
1422
1421
1433
1432
1431
1442
1443
1441
1512
1513
1511
1522
1523
1521
1533
1532
1531
1543
1542
1541
1613
1612
1611
1622
1623
1621
1632
1633
1631
1643
1642
1641
1713
1712
1711
1722
1723
1721
1732
1733
1731
1743
1742
1741
1813
1812
1811
1822
1823
1821
1832
1833
1831
1843
1842
1841
1912
1913
1911
1923
1922
1921
1932
1933
1931
1943
1942
1941
2013
2012
2011
2023
2022
2021
2032
2033
2031
2042
2043
2041
2113
2112
2111
2122
2123
2121
2133
2132
2131
2143
2142
2141
2212
2213
2211
2223
2222
2221
2233
2232
2231
2242
2243
2241
2312
2313
2311
2323
2322
2321
2332
2333
2331
2343
2342
2341
2412
2413
2411
2423
2422
2421
2433
2432
2431
2442
2443
2441
2512
2513
2511
2522
2523
2521
2533
2532
2531
2543
2542
2541
2612
2613
2611
2623
2622
2621
2633
2632
2631
2642
2643
2641
